0.000000000000000000e+00 1.816246986389160156e+01
1.000000000000000000e+00 3.214869022369384766e+00
2.000000000000000000e+00 2.250450402498245239e-01
3.000000000000000000e+00 3.429581969976425171e-02
4.000000000000000000e+00 2.302609570324420929e-02
5.000000000000000000e+00 2.170774154365062714e-02
6.000000000000000000e+00 2.142512239515781403e-02
7.000000000000000000e+00 2.133468538522720337e-02
8.000000000000000000e+00 2.129726298153400421e-02
9.000000000000000000e+00 2.127822116017341614e-02
1.000000000000000000e+01 2.126701176166534424e-02
1.100000000000000000e+01 2.125883102416992188e-02
1.200000000000000000e+01 2.125214599072933197e-02
1.300000000000000000e+01 2.124585211277008057e-02
1.400000000000000000e+01 2.123958617448806763e-02
1.500000000000000000e+01 2.123307436704635620e-02
1.600000000000000000e+01 2.122621610760688782e-02
1.700000000000000000e+01 2.121889032423496246e-02
1.800000000000000000e+01 2.121095359325408936e-02
1.900000000000000000e+01 2.120246179401874542e-02
2.000000000000000000e+01 2.119330130517482758e-02
2.100000000000000000e+01 2.118332684040069580e-02
2.200000000000000000e+01 2.117246016860008240e-02
2.300000000000000000e+01 2.116059511899948120e-02
2.400000000000000000e+01 2.114751935005187988e-02
2.500000000000000000e+01 2.113322727382183075e-02
2.600000000000000000e+01 2.111743018031120300e-02
2.700000000000000000e+01 2.109967730939388275e-02
2.800000000000000000e+01 2.107988111674785614e-02
2.900000000000000000e+01 2.105758897960186005e-02
3.000000000000000000e+01 2.103241719305515289e-02
3.100000000000000000e+01 2.100358903408050537e-02
3.200000000000000000e+01 2.097019739449024200e-02
3.300000000000000000e+01 2.093133889138698578e-02
3.400000000000000000e+01 2.088549919426441193e-02
3.500000000000000000e+01 2.083086594939231873e-02
3.600000000000000000e+01 2.076466381549835205e-02
3.700000000000000000e+01 2.068394795060157776e-02
3.800000000000000000e+01 2.058292925357818604e-02
3.900000000000000000e+01 2.045553550124168396e-02
4.000000000000000000e+01 2.029122970998287201e-02
4.100000000000000000e+01 2.007452957332134247e-02
4.200000000000000000e+01 1.978657394647598267e-02
4.300000000000000000e+01 1.939864270389080048e-02
4.400000000000000000e+01 1.888173818588256836e-02
4.500000000000000000e+01 1.821868866682052612e-02
4.600000000000000000e+01 1.744301244616508484e-02
4.700000000000000000e+01 1.665118709206581116e-02
4.800000000000000000e+01 1.591318659484386444e-02
4.900000000000000000e+01 1.515557244420051575e-02
5.000000000000000000e+01 1.428689900785684586e-02
5.100000000000000000e+01 1.333548314869403839e-02
5.200000000000000000e+01 1.236170716583728790e-02
5.300000000000000000e+01 1.141308061778545380e-02
5.400000000000000000e+01 1.052132528275251389e-02
5.500000000000000000e+01 9.693889878690242767e-03
5.600000000000000000e+01 8.933327160775661469e-03
5.700000000000000000e+01 8.240533992648124695e-03
5.800000000000000000e+01 7.618744857609272003e-03
5.900000000000000000e+01 7.065590936690568924e-03
6.000000000000000000e+01 6.578744389116764069e-03
6.100000000000000000e+01 6.148371379822492599e-03
6.200000000000000000e+01 5.766044370830059052e-03
6.300000000000000000e+01 5.423130001872777939e-03
6.400000000000000000e+01 5.110857076942920685e-03
6.500000000000000000e+01 4.827788565307855606e-03
6.600000000000000000e+01 4.568236414343118668e-03
6.700000000000000000e+01 4.328891634941101074e-03
6.800000000000000000e+01 4.108807072043418884e-03
6.900000000000000000e+01 3.905286546796560287e-03
7.000000000000000000e+01 3.716950071975588799e-03
7.100000000000000000e+01 3.541903337463736534e-03
7.200000000000000000e+01 3.379312343895435333e-03
7.300000000000000000e+01 3.228597575798630714e-03
7.400000000000000000e+01 3.088253550231456757e-03
7.500000000000000000e+01 2.957871183753013611e-03
7.600000000000000000e+01 2.835271647199988365e-03
7.700000000000000000e+01 2.721526892855763435e-03
7.800000000000000000e+01 2.615160774439573288e-03
7.900000000000000000e+01 2.515292260795831680e-03
8.000000000000000000e+01 2.421458717435598373e-03
8.100000000000000000e+01 2.333713462576270103e-03
8.200000000000000000e+01 2.250479301437735558e-03
8.300000000000000000e+01 2.173096640035510063e-03
8.400000000000000000e+01 2.099590376019477844e-03
8.500000000000000000e+01 2.030584495514631271e-03
8.600000000000000000e+01 1.964905532076954842e-03
8.700000000000000000e+01 1.902709715068340302e-03
8.800000000000000000e+01 1.844173064455389977e-03
8.900000000000000000e+01 1.788429100997745991e-03
9.000000000000000000e+01 1.735187252052128315e-03
9.100000000000000000e+01 1.684757997281849384e-03
9.200000000000000000e+01 1.636528875678777695e-03
9.300000000000000000e+01 1.590431900694966316e-03
9.400000000000000000e+01 1.546682207845151424e-03
9.500000000000000000e+01 1.504762331023812294e-03
9.600000000000000000e+01 1.464641885831952095e-03
9.700000000000000000e+01 1.425946014933288097e-03
9.800000000000000000e+01 1.389235258102416992e-03
9.900000000000000000e+01 1.353713450953364372e-03
1.000000000000000000e+02 1.319621107541024685e-03
1.010000000000000000e+02 1.286893617361783981e-03
1.020000000000000000e+02 1.255249720998108387e-03
1.030000000000000000e+02 1.224897103384137154e-03
1.040000000000000000e+02 1.195618067868053913e-03
1.050000000000000000e+02 1.167437992990016937e-03
1.060000000000000000e+02 1.140137435868382454e-03
1.070000000000000000e+02 1.113599282689392567e-03
1.080000000000000000e+02 1.088011194951832294e-03
1.090000000000000000e+02 1.063455361872911453e-03
1.100000000000000000e+02 1.039704889990389347e-03
1.110000000000000000e+02 1.016479101963341236e-03
1.120000000000000000e+02 9.940552990883588791e-04
1.130000000000000000e+02 9.724055998958647251e-04
1.140000000000000000e+02 9.514198172837495804e-04
1.150000000000000000e+02 9.309651213698089123e-04
1.160000000000000000e+02 9.112044353969395161e-04
1.170000000000000000e+02 8.920144755393266678e-04
1.180000000000000000e+02 8.733506547287106514e-04
1.190000000000000000e+02 8.551703649573028088e-04
1.200000000000000000e+02 8.378698257729411125e-04
1.210000000000000000e+02 8.208558429032564163e-04
1.220000000000000000e+02 8.043615380302071571e-04
1.230000000000000000e+02 7.882181671448051929e-04
1.240000000000000000e+02 7.726651965640485287e-04
1.250000000000000000e+02 7.575626368634402752e-04
1.260000000000000000e+02 7.428783574141561985e-04
1.270000000000000000e+02 7.286361651495099068e-04
1.280000000000000000e+02 7.146281423047184944e-04
1.290000000000000000e+02 7.011358975432813168e-04
1.300000000000000000e+02 6.879298016428947449e-04
1.310000000000000000e+02 6.752235931344330311e-04
1.320000000000000000e+02 6.628595292568206787e-04
1.330000000000000000e+02 6.507898215204477310e-04
1.340000000000000000e+02 6.391112110577523708e-04
1.350000000000000000e+02 6.276355707086622715e-04
1.360000000000000000e+02 6.165239610709249973e-04
1.370000000000000000e+02 6.058337748982012272e-04
1.380000000000000000e+02 5.952945793978869915e-04
1.390000000000000000e+02 5.851133028045296669e-04
1.400000000000000000e+02 5.751432618126273155e-04
1.410000000000000000e+02 5.654337583109736443e-04
1.420000000000000000e+02 5.560548161156475544e-04
1.430000000000000000e+02 5.469738389365375042e-04
1.440000000000000000e+02 5.380567745305597782e-04
1.450000000000000000e+02 5.293337162584066391e-04
1.460000000000000000e+02 5.209838273003697395e-04
1.470000000000000000e+02 5.127661861479282379e-04
1.480000000000000000e+02 5.047505255788564682e-04
1.490000000000000000e+02 4.969479050487279892e-04
1.500000000000000000e+02 4.893653094768524170e-04
1.510000000000000000e+02 4.819387395400553942e-04
1.520000000000000000e+02 4.747836210299283266e-04
1.530000000000000000e+02 4.677713732235133648e-04
1.540000000000000000e+02 4.609394527506083250e-04
1.550000000000000000e+02 4.544007824733853340e-04
1.560000000000000000e+02 4.478345799725502729e-04
1.570000000000000000e+02 4.414827853906899691e-04
1.580000000000000000e+02 4.353288968559354544e-04
1.590000000000000000e+02 4.293848469387739897e-04
1.600000000000000000e+02 4.234828229527920485e-04
1.610000000000000000e+02 4.178000381216406822e-04
1.620000000000000000e+02 4.122621030546724796e-04
1.630000000000000000e+02 4.067984118591994047e-04
1.640000000000000000e+02 4.014507285319268703e-04
1.650000000000000000e+02 3.963856725022196770e-04
1.660000000000000000e+02 3.913035616278648376e-04
1.670000000000000000e+02 3.863887977786362171e-04
1.680000000000000000e+02 3.815767413470894098e-04
1.690000000000000000e+02 3.768175083678215742e-04
1.700000000000000000e+02 3.722420951817184687e-04
1.710000000000000000e+02 3.677393833640962839e-04
1.720000000000000000e+02 3.633749438449740410e-04
1.730000000000000000e+02 3.591109416447579861e-04
1.740000000000000000e+02 3.548968234099447727e-04
1.750000000000000000e+02 3.508243826217949390e-04
1.760000000000000000e+02 3.467857022769749165e-04
1.770000000000000000e+02 3.429065400268882513e-04
1.780000000000000000e+02 3.390558413229882717e-04
1.790000000000000000e+02 3.352927742525935173e-04
1.800000000000000000e+02 3.316490328870713711e-04
1.810000000000000000e+02 3.280459204688668251e-04
1.820000000000000000e+02 3.244932740926742554e-04
1.830000000000000000e+02 3.210442664567381144e-04
1.840000000000000000e+02 3.176721511408686638e-04
1.850000000000000000e+02 3.143619978800415993e-04
1.860000000000000000e+02 3.111785626970231533e-04
1.870000000000000000e+02 3.079506568610668182e-04
1.880000000000000000e+02 3.048166399821639061e-04
1.890000000000000000e+02 3.017550043296068907e-04
1.900000000000000000e+02 2.987923799082636833e-04
1.910000000000000000e+02 2.958144759759306908e-04
1.920000000000000000e+02 2.929567708633840084e-04
1.930000000000000000e+02 2.901721163652837276e-04
1.940000000000000000e+02 2.874023630283772945e-04
1.950000000000000000e+02 2.846633724402636290e-04
1.960000000000000000e+02 2.819708315655589104e-04
1.970000000000000000e+02 2.793875464703887701e-04
1.980000000000000000e+02 2.767663972917944193e-04
1.990000000000000000e+02 2.742024371400475502e-04
2.000000000000000000e+02 2.717162133194506168e-04
2.010000000000000000e+02 2.692395355552434921e-04
2.020000000000000000e+02 2.668618108145892620e-04
2.030000000000000000e+02 2.644610358402132988e-04
2.040000000000000000e+02 2.621853491291403770e-04
2.050000000000000000e+02 2.599017461761832237e-04
2.060000000000000000e+02 2.576185797806829214e-04
2.070000000000000000e+02 2.554087841417640448e-04
2.080000000000000000e+02 2.532583894208073616e-04
2.090000000000000000e+02 2.511095372028648853e-04
2.100000000000000000e+02 2.490026818122714758e-04
2.110000000000000000e+02 2.469110186211764812e-04
2.120000000000000000e+02 2.448367304168641567e-04
2.130000000000000000e+02 2.429014712106436491e-04
2.140000000000000000e+02 2.408551663393154740e-04
2.150000000000000000e+02 2.389698929619044065e-04
2.160000000000000000e+02 2.369968860875815153e-04
2.170000000000000000e+02 2.351169532630592585e-04
2.180000000000000000e+02 2.332666190341114998e-04
2.190000000000000000e+02 2.314373123226687312e-04
2.200000000000000000e+02 2.295955637237057090e-04
2.210000000000000000e+02 2.278312604175880551e-04
2.220000000000000000e+02 2.260427427245303988e-04
2.230000000000000000e+02 2.243091003037989140e-04
2.240000000000000000e+02 2.226346259703859687e-04
2.250000000000000000e+02 2.208852529292926192e-04
2.260000000000000000e+02 2.192430256400257349e-04
2.270000000000000000e+02 2.176125126425176859e-04
2.280000000000000000e+02 2.159938449040055275e-04
2.290000000000000000e+02 2.144215832231566310e-04
2.300000000000000000e+02 2.128324122168123722e-04
2.310000000000000000e+02 2.113005612045526505e-04
2.320000000000000000e+02 2.097406395478174090e-04
2.330000000000000000e+02 2.082134742522612214e-04
2.340000000000000000e+02 2.067087625619024038e-04
2.350000000000000000e+02 2.052592171821743250e-04
2.360000000000000000e+02 2.037863450823351741e-04
2.370000000000000000e+02 2.023645065492019057e-04
2.380000000000000000e+02 2.009383460972458124e-04
2.390000000000000000e+02 1.995618367800489068e-04
2.400000000000000000e+02 1.981270033866167068e-04
2.410000000000000000e+02 1.967891148524358869e-04
2.420000000000000000e+02 1.954528706846758723e-04
2.430000000000000000e+02 1.940893271239474416e-04
2.440000000000000000e+02 1.928025303641334176e-04
2.450000000000000000e+02 1.914795575430616736e-04
2.460000000000000000e+02 1.901728246593847871e-04
2.470000000000000000e+02 1.889415143523365259e-04
2.480000000000000000e+02 1.876125606941059232e-04
2.490000000000000000e+02 1.864252699306234717e-04
2.500000000000000000e+02 1.851323031587526202e-04
2.510000000000000000e+02 1.839666801970452070e-04
2.520000000000000000e+02 1.827072701416909695e-04
2.530000000000000000e+02 1.815503492252901196e-04
2.540000000000000000e+02 1.803967606974765658e-04
2.550000000000000000e+02 1.792119001038372517e-04
2.560000000000000000e+02 1.780770835466682911e-04
2.570000000000000000e+02 1.769309455994516611e-04
2.580000000000000000e+02 1.758192956913262606e-04
2.590000000000000000e+02 1.746756897773593664e-04
2.600000000000000000e+02 1.736156264087185264e-04
2.610000000000000000e+02 1.724797330098226666e-04
2.620000000000000000e+02 1.714635873213410378e-04
2.630000000000000000e+02 1.703551679383963346e-04
2.640000000000000000e+02 1.693425583653151989e-04
2.650000000000000000e+02 1.682467118371278048e-04
2.660000000000000000e+02 1.672761718509718776e-04
2.670000000000000000e+02 1.661835849517956376e-04
2.680000000000000000e+02 1.652034698054194450e-04
2.690000000000000000e+02 1.641685958020389080e-04
2.700000000000000000e+02 1.632185449125245214e-04
2.710000000000000000e+02 1.622038253117352724e-04
2.720000000000000000e+02 1.612493360880762339e-04
2.730000000000000000e+02 1.602559495950117707e-04
2.740000000000000000e+02 1.593798078829422593e-04
2.750000000000000000e+02 1.583601842867210507e-04
2.760000000000000000e+02 1.575587375555187464e-04
2.770000000000000000e+02 1.565050770295783877e-04
2.780000000000000000e+02 1.558405929245054722e-04
2.790000000000000000e+02 1.547644642414525151e-04
2.800000000000000000e+02 1.544046826893463731e-04
2.810000000000000000e+02 1.534105686005204916e-04
2.820000000000000000e+02 1.539609220344573259e-04
2.830000000000000000e+02 1.538412616355344653e-04
2.840000000000000000e+02 1.578396040713414550e-04
2.850000000000000000e+02 1.632087514735758305e-04
2.860000000000000000e+02 1.841593330027535558e-04
2.870000000000000000e+02 2.242967020720243454e-04
2.880000000000000000e+02 3.356410015840083361e-04
2.890000000000000000e+02 5.673948908224701881e-04
2.900000000000000000e+02 1.046924269758164883e-03
2.910000000000000000e+02 1.676033134572207928e-03
2.920000000000000000e+02 1.936423126608133316e-03
2.930000000000000000e+02 1.312297885306179523e-03
2.940000000000000000e+02 5.010507302358746529e-04
2.950000000000000000e+02 1.927782432176172733e-04
2.960000000000000000e+02 2.095091040246188641e-04
2.970000000000000000e+02 2.255511062685400248e-04
2.980000000000000000e+02 1.907022233353927732e-04
2.990000000000000000e+02 1.657049870118498802e-04
3.000000000000000000e+02 1.523718528915196657e-04
3.010000000000000000e+02 1.496227923780679703e-04
3.020000000000000000e+02 1.485795655753463507e-04
3.030000000000000000e+02 1.467075489927083254e-04
3.040000000000000000e+02 1.461138454033061862e-04
3.050000000000000000e+02 1.442905922885984182e-04
3.060000000000000000e+02 1.437088358215987682e-04
3.070000000000000000e+02 1.423320791218429804e-04
3.080000000000000000e+02 1.417159946868196130e-04
3.090000000000000000e+02 1.406516239512711763e-04
3.100000000000000000e+02 1.400138862663879991e-04
3.110000000000000000e+02 1.390509714838117361e-04
3.120000000000000000e+02 1.383635099045932293e-04
3.130000000000000000e+02 1.374858256895095110e-04
3.140000000000000000e+02 1.367970253340899944e-04
3.150000000000000000e+02 1.359373418381437659e-04
3.160000000000000000e+02 1.352822873741388321e-04
3.170000000000000000e+02 1.344594493275508285e-04
3.180000000000000000e+02 1.337941794190555811e-04
3.190000000000000000e+02 1.329791848547756672e-04
3.200000000000000000e+02 1.323444594163447618e-04
3.210000000000000000e+02 1.315416011493653059e-04
3.220000000000000000e+02 1.309478248003870249e-04
3.230000000000000000e+02 1.301364391110837460e-04
3.240000000000000000e+02 1.296096743317320943e-04
3.250000000000000000e+02 1.287899067392572761e-04
3.260000000000000000e+02 1.284638565266504884e-04
3.270000000000000000e+02 1.277215051231905818e-04
3.280000000000000000e+02 1.281319418922066689e-04
3.290000000000000000e+02 1.280017750104889274e-04
3.300000000000000000e+02 1.311630185227841139e-04
3.310000000000000000e+02 1.355229178443551064e-04
3.320000000000000000e+02 1.525160041637718678e-04
3.330000000000000000e+02 1.860269258031621575e-04
3.340000000000000000e+02 2.809293509926646948e-04
3.350000000000000000e+02 4.880608757957816124e-04
3.360000000000000000e+02 9.570184629410505295e-04
3.370000000000000000e+02 1.714168931357562542e-03
3.380000000000000000e+02 2.339581260457634926e-03
3.390000000000000000e+02 1.829209970310330391e-03
3.400000000000000000e+02 7.531758164986968040e-04
3.410000000000000000e+02 2.149072679458186030e-04
3.420000000000000000e+02 2.082822611555457115e-04
3.430000000000000000e+02 2.395170595264062285e-04
3.440000000000000000e+02 1.923482341226190329e-04
3.450000000000000000e+02 1.533664180897176266e-04
3.460000000000000000e+02 1.346484204987064004e-04
3.470000000000000000e+02 1.312778622377663851e-04
3.480000000000000000e+02 1.305020996369421482e-04
3.490000000000000000e+02 1.281656877836212516e-04
3.500000000000000000e+02 1.274480309803038836e-04
3.510000000000000000e+02 1.253580558113753796e-04
3.520000000000000000e+02 1.247981272172182798e-04
3.530000000000000000e+02 1.235099334735423326e-04
3.540000000000000000e+02 1.230033085448667407e-04
3.550000000000000000e+02 1.220415651914663613e-04
3.560000000000000000e+02 1.214830335811711848e-04
3.570000000000000000e+02 1.206493034260347486e-04
3.580000000000000000e+02 1.200900733238086104e-04
3.590000000000000000e+02 1.192989875562489033e-04
3.600000000000000000e+02 1.187635280075483024e-04
3.610000000000000000e+02 1.180113540613092482e-04
3.620000000000000000e+02 1.174720455310307443e-04
3.630000000000000000e+02 1.167270384030416608e-04
3.640000000000000000e+02 1.162641274277120829e-04
3.650000000000000000e+02 1.155200152425095439e-04
3.660000000000000000e+02 1.152296026702970266e-04
3.670000000000000000e+02 1.144800844485871494e-04
3.680000000000000000e+02 1.145426213042810559e-04
3.690000000000000000e+02 1.139338928624056280e-04
3.700000000000000000e+02 1.150690077338367701e-04
3.710000000000000000e+02 1.154847050202079117e-04
3.720000000000000000e+02 1.198409881908446550e-04
3.730000000000000000e+02 1.249364431714639068e-04
3.740000000000000000e+02 1.417721359757706523e-04
3.750000000000000000e+02 1.690711214905604720e-04
3.760000000000000000e+02 2.387088607065379620e-04
3.770000000000000000e+02 3.694355546031147242e-04
3.780000000000000000e+02 6.508613005280494690e-04
3.790000000000000000e+02 1.105246716178953648e-03
3.800000000000000000e+02 1.661800895817577839e-03
3.810000000000000000e+02 1.767148612998425961e-03
3.820000000000000000e+02 1.232738955877721310e-03
3.830000000000000000e+02 5.044369609095156193e-04
3.840000000000000000e+02 1.854293514043092728e-04
3.850000000000000000e+02 1.590421161381527781e-04
3.860000000000000000e+02 1.743360335240140557e-04
3.870000000000000000e+02 1.626898301765322685e-04
3.880000000000000000e+02 1.362073962809517980e-04
3.890000000000000000e+02 1.237789256265386939e-04
3.900000000000000000e+02 1.153911507572047412e-04
3.910000000000000000e+02 1.135776910814456642e-04
3.920000000000000000e+02 1.121740351663902402e-04
3.930000000000000000e+02 1.114998376579023898e-04
3.940000000000000000e+02 1.109929362428374588e-04
3.950000000000000000e+02 1.102151727536693215e-04
3.960000000000000000e+02 1.098400825867429376e-04
3.970000000000000000e+02 1.089612196665257215e-04
3.980000000000000000e+02 1.086944830603897572e-04
3.990000000000000000e+02 1.078134155250154436e-04
4.000000000000000000e+02 1.076584085240028799e-04
4.010000000000000000e+02 1.067663906724192202e-04
4.020000000000000000e+02 1.067537959897890687e-04
4.030000000000000000e+02 1.058688649209216237e-04
4.040000000000000000e+02 1.062226583599112928e-04
4.050000000000000000e+02 1.055246902978979051e-04
4.060000000000000000e+02 1.066902841557748616e-04
4.070000000000000000e+02 1.067576231434941292e-04
4.080000000000000000e+02 1.103999311453662813e-04
4.090000000000000000e+02 1.136640712502412498e-04
4.100000000000000000e+02 1.255341194337233901e-04
4.110000000000000000e+02 1.416705053998157382e-04
4.120000000000000000e+02 1.832775014918297529e-04
4.130000000000000000e+02 2.534730010665953159e-04
4.140000000000000000e+02 4.068746347911655903e-04
4.150000000000000000e+02 6.601705099456012249e-04
4.160000000000000000e+02 1.073736348189413548e-03
4.170000000000000000e+02 1.445608329959213734e-03
4.180000000000000000e+02 1.525109517388045788e-03
4.190000000000000000e+02 1.035122550092637539e-03
4.200000000000000000e+02 4.758811555802822113e-04
4.210000000000000000e+02 1.790295646060258150e-04
4.220000000000000000e+02 1.326622295891866088e-04
4.230000000000000000e+02 1.421635242877528071e-04
4.240000000000000000e+02 1.367460790788754821e-04
4.250000000000000000e+02 1.280338183278217912e-04
4.260000000000000000e+02 1.154090714408084750e-04
4.270000000000000000e+02 1.113242324208840728e-04
4.280000000000000000e+02 1.064210591721348464e-04
4.290000000000000000e+02 1.056691253324970603e-04
4.300000000000000000e+02 1.035266832332126796e-04
4.310000000000000000e+02 1.034622837323695421e-04
4.320000000000000000e+02 1.020130075630731881e-04
4.330000000000000000e+02 1.020544805214740336e-04
4.340000000000000000e+02 1.007803948596119881e-04
4.350000000000000000e+02 1.009319530567154288e-04
4.360000000000000000e+02 9.982433402910828590e-05
4.370000000000000000e+02 1.002729040919803083e-04
4.380000000000000000e+02 9.947823127731680870e-05
4.390000000000000000e+02 1.008512990665622056e-04
4.400000000000000000e+02 1.009370607789605856e-04
4.410000000000000000e+02 1.046535035129636526e-04
4.420000000000000000e+02 1.073329040082171559e-04
4.430000000000000000e+02 1.173703640233725309e-04
4.440000000000000000e+02 1.294680841965600848e-04
4.450000000000000000e+02 1.611360930837690830e-04
4.460000000000000000e+02 2.096241805702447891e-04
4.470000000000000000e+02 3.159985935781151056e-04
4.480000000000000000e+02 4.856467130593955517e-04
4.490000000000000000e+02 7.846515509299933910e-04
4.500000000000000000e+02 1.118927844800055027e-03
4.510000000000000000e+02 1.385814626701176167e-03
4.520000000000000000e+02 1.205264008603990078e-03
4.530000000000000000e+02 7.645328878425061703e-04
4.540000000000000000e+02 3.303913981653749943e-04
4.550000000000000000e+02 1.522221864433959126e-04
4.560000000000000000e+02 1.168478556792251766e-04
4.570000000000000000e+02 1.198223617393523455e-04
4.580000000000000000e+02 1.210164991789497435e-04
4.590000000000000000e+02 1.131507888203486800e-04
4.600000000000000000e+02 1.100844237953424454e-04
4.610000000000000000e+02 1.042352814693003893e-04
4.620000000000000000e+02 1.035107416100800037e-04
4.630000000000000000e+02 1.003631186904385686e-04
4.640000000000000000e+02 1.007316968753002584e-04
4.650000000000000000e+02 9.881886217044666409e-05
4.660000000000000000e+02 9.990149555960670114e-05
4.670000000000000000e+02 9.878171113086864352e-05
4.680000000000000000e+02 1.010297564789652824e-04
4.690000000000000000e+02 1.009589686873368919e-04
4.700000000000000000e+02 1.054667882272042334e-04
4.710000000000000000e+02 1.078896675608120859e-04
4.720000000000000000e+02 1.178555467049591243e-04
4.730000000000000000e+02 1.275224203709512949e-04
4.740000000000000000e+02 1.527621207060292363e-04
4.750000000000000000e+02 1.846441300585865974e-04
4.760000000000000000e+02 2.521951973903924227e-04
4.770000000000000000e+02 3.452617675065994263e-04
4.780000000000000000e+02 5.125534371472895145e-04
4.790000000000000000e+02 7.095902692526578903e-04
4.800000000000000000e+02 9.484165930189192295e-04
4.810000000000000000e+02 1.015527872368693352e-03
4.820000000000000000e+02 9.172176942229270935e-04
4.830000000000000000e+02 5.992071237415075302e-04
4.840000000000000000e+02 3.318316303193569183e-04
4.850000000000000000e+02 1.654842490097507834e-04
4.860000000000000000e+02 1.127052237279713154e-04
4.870000000000000000e+02 9.813922224566340446e-05
4.880000000000000000e+02 9.654962923377752304e-05
4.890000000000000000e+02 9.723278344608843327e-05
4.900000000000000000e+02 9.571295959176495671e-05
4.910000000000000000e+02 9.636390313971787691e-05
4.920000000000000000e+02 9.455831605009734631e-05
4.930000000000000000e+02 9.546233923174440861e-05
4.940000000000000000e+02 9.412719373358413577e-05
4.950000000000000000e+02 9.570986730977892876e-05
4.960000000000000000e+02 9.500947635388001800e-05
4.970000000000000000e+02 9.814418444875627756e-05
4.980000000000000000e+02 9.916779526975005865e-05
4.990000000000000000e+02 1.061087386915460229e-04
5.000000000000000000e+02 1.119891458074562252e-04
5.010000000000000000e+02 1.177947223186492920e-02
5.020000000000000000e+02 2.350099850445985794e-03
5.030000000000000000e+02 1.972859492525458336e-03
5.040000000000000000e+02 2.196332672610878944e-03
5.050000000000000000e+02 2.304351190105080605e-03
5.060000000000000000e+02 2.343104220926761627e-03
5.070000000000000000e+02 2.346519380807876587e-03
5.080000000000000000e+02 2.328071976080536842e-03
5.090000000000000000e+02 2.289938041940331459e-03
5.100000000000000000e+02 2.230573445558547974e-03
5.110000000000000000e+02 2.144797705113887787e-03
5.120000000000000000e+02 2.025395864620804787e-03
5.130000000000000000e+02 1.866636448539793491e-03
5.140000000000000000e+02 1.666966243647038937e-03
5.150000000000000000e+02 1.445112167857587337e-03
5.160000000000000000e+02 1.243279897607862949e-03
5.170000000000000000e+02 1.116379280574619770e-03
5.180000000000000000e+02 1.090367906726896763e-03
5.190000000000000000e+02 1.123418100178241730e-03
5.200000000000000000e+02 1.135080703534185886e-03
5.210000000000000000e+02 1.088440883904695511e-03
5.220000000000000000e+02 1.015778514556586742e-03
5.230000000000000000e+02 9.635778260417282581e-04
5.240000000000000000e+02 9.479218861088156700e-04
5.250000000000000000e+02 9.572705021128058434e-04
5.260000000000000000e+02 9.728050208650529385e-04
5.270000000000000000e+02 9.816830279305577278e-04
5.280000000000000000e+02 9.803218999877572060e-04
5.290000000000000000e+02 9.714646730571985245e-04
5.300000000000000000e+02 9.606592939235270023e-04
5.310000000000000000e+02 9.523597545921802521e-04
5.320000000000000000e+02 9.478948777541518211e-04
5.330000000000000000e+02 9.455558029003441334e-04
5.340000000000000000e+02 9.429266792722046375e-04
5.350000000000000000e+02 9.389169281348586082e-04
5.360000000000000000e+02 9.344720165245234966e-04
5.370000000000000000e+02 9.310810128226876259e-04
5.380000000000000000e+02 9.295037016272544861e-04
5.390000000000000000e+02 9.292884496971964836e-04
5.400000000000000000e+02 9.294046321883797646e-04
5.410000000000000000e+02 9.289620793424546719e-04
5.420000000000000000e+02 9.277027565985918045e-04
5.430000000000000000e+02 9.260492515750229359e-04
5.440000000000000000e+02 9.244352113455533981e-04
5.450000000000000000e+02 9.231017320416867733e-04
5.460000000000000000e+02 9.220710489898920059e-04
5.470000000000000000e+02 9.211474680341780186e-04
5.480000000000000000e+02 9.202064247801899910e-04
5.490000000000000000e+02 9.192791767418384552e-04
5.500000000000000000e+02 9.184136870317161083e-04
5.510000000000000000e+02 9.176554740406572819e-04
5.520000000000000000e+02 9.169634431600570679e-04
5.530000000000000000e+02 9.162491769529879093e-04
5.540000000000000000e+02 9.154709987342357635e-04
5.550000000000000000e+02 9.146640659309923649e-04
5.560000000000000000e+02 9.138386230915784836e-04
5.570000000000000000e+02 9.130500839091837406e-04
5.580000000000000000e+02 9.123060735873878002e-04
5.590000000000000000e+02 9.116016444750130177e-04
5.600000000000000000e+02 9.108961676247417927e-04
5.610000000000000000e+02 9.101850446313619614e-04
5.620000000000000000e+02 9.094841079786419868e-04
5.630000000000000000e+02 9.087994694709777832e-04
5.640000000000000000e+02 9.081231546588242054e-04
5.650000000000000000e+02 9.074528934434056282e-04
5.660000000000000000e+02 9.067734354175627232e-04
5.670000000000000000e+02 9.061059681698679924e-04
5.680000000000000000e+02 9.054515976458787918e-04
5.690000000000000000e+02 9.048173087649047375e-04
5.700000000000000000e+02 9.041692246682941914e-04
5.710000000000000000e+02 9.035358671098947525e-04
5.720000000000000000e+02 9.029082721099257469e-04
5.730000000000000000e+02 9.022815502248704433e-04
5.740000000000000000e+02 9.016676922328770161e-04
5.750000000000000000e+02 9.010508656501770020e-04
5.760000000000000000e+02 9.004456223919987679e-04
5.770000000000000000e+02 8.998436387628316879e-04
5.780000000000000000e+02 8.992434013634920120e-04
5.790000000000000000e+02 8.986553875729441643e-04
5.800000000000000000e+02 8.980572456493973732e-04
5.810000000000000000e+02 8.974826778285205364e-04
5.820000000000000000e+02 8.969083428382873535e-04
5.830000000000000000e+02 8.963354048319160938e-04
5.840000000000000000e+02 8.957709651440382004e-04
5.850000000000000000e+02 8.952013449743390083e-04
5.860000000000000000e+02 8.946537855081260204e-04
5.870000000000000000e+02 8.941055857576429844e-04
5.880000000000000000e+02 8.935555233620107174e-04
5.890000000000000000e+02 8.930090116336941719e-04
5.900000000000000000e+02 8.924684370867908001e-04
5.910000000000000000e+02 8.919456740841269493e-04
5.920000000000000000e+02 8.914168574847280979e-04
5.930000000000000000e+02 8.908946183510124683e-04
5.940000000000000000e+02 8.903754060156643391e-04
5.950000000000000000e+02 8.898550295270979404e-04
5.960000000000000000e+02 8.893443155102431774e-04
5.970000000000000000e+02 8.888410520739853382e-04
5.980000000000000000e+02 8.883469854481518269e-04
5.990000000000000000e+02 8.878412772901356220e-04
6.000000000000000000e+02 8.873561164364218712e-04
6.010000000000000000e+02 8.868607692420482635e-04
6.020000000000000000e+02 8.863781113177537918e-04
6.030000000000000000e+02 8.858928922563791275e-04
6.040000000000000000e+02 8.854240877553820610e-04
6.050000000000000000e+02 8.849477744661271572e-04
6.060000000000000000e+02 8.844902040436863899e-04
6.070000000000000000e+02 8.840219234116375446e-04
6.080000000000000000e+02 8.835612097755074501e-04
6.090000000000000000e+02 8.831010200083255768e-04
6.100000000000000000e+02 8.826575358398258686e-04
6.110000000000000000e+02 8.822088711895048618e-04
6.120000000000000000e+02 8.817609632387757301e-04
6.130000000000000000e+02 8.813171298243105412e-04
6.140000000000000000e+02 8.808876737020909786e-04
6.150000000000000000e+02 8.804497774690389633e-04
6.160000000000000000e+02 8.800298091955482960e-04
6.170000000000000000e+02 8.796011679805815220e-04
6.180000000000000000e+02 8.791727595962584019e-04
6.190000000000000000e+02 8.787574479356408119e-04
6.200000000000000000e+02 8.783508674241602421e-04
6.210000000000000000e+02 8.779410272836685181e-04
6.220000000000000000e+02 8.775295573286712170e-04
6.230000000000000000e+02 8.771261200308799744e-04
6.240000000000000000e+02 8.767263498157262802e-04
6.250000000000000000e+02 8.763275109231472015e-04
6.260000000000000000e+02 8.759355405345559120e-04
6.270000000000000000e+02 8.755456656217575073e-04
6.280000000000000000e+02 8.751645800657570362e-04
6.290000000000000000e+02 8.747783722355961800e-04
6.300000000000000000e+02 8.743978687562048435e-04
6.310000000000000000e+02 8.740192861296236515e-04
6.320000000000000000e+02 8.736478048376739025e-04
6.330000000000000000e+02 8.732715505175292492e-04
6.340000000000000000e+02 8.729062974452972412e-04
6.350000000000000000e+02 8.725384832359850407e-04
6.360000000000000000e+02 8.721804479137063026e-04
6.370000000000000000e+02 8.718231110833585262e-04
6.380000000000000000e+02 8.714727009646594524e-04
6.390000000000000000e+02 8.711169357411563396e-04
6.400000000000000000e+02 8.707683300599455833e-04
6.410000000000000000e+02 8.704283973202109337e-04
6.420000000000000000e+02 8.700742037035524845e-04
6.430000000000000000e+02 8.697356679476797581e-04
6.440000000000000000e+02 8.693972486071288586e-04
6.450000000000000000e+02 8.690651156939566135e-04
6.460000000000000000e+02 8.687280351296067238e-04
6.470000000000000000e+02 8.683994528837502003e-04
6.480000000000000000e+02 8.680705795995891094e-04
6.490000000000000000e+02 8.677512523718178272e-04
6.500000000000000000e+02 8.674261625856161118e-04
6.510000000000000000e+02 8.671015384607017040e-04
6.520000000000000000e+02 8.667905349284410477e-04
6.530000000000000000e+02 8.664712077006697655e-04
6.540000000000000000e+02 8.661603205837309361e-04
6.550000000000000000e+02 8.658516453579068184e-04
6.560000000000000000e+02 8.655377314426004887e-04
6.570000000000000000e+02 8.652360411360859871e-04
6.580000000000000000e+02 8.649349911138415337e-04
6.590000000000000000e+02 8.646259084343910217e-04
6.600000000000000000e+02 8.643222972750663757e-04
6.610000000000000000e+02 8.640371961519122124e-04
6.620000000000000000e+02 8.637343416921794415e-04
6.630000000000000000e+02 8.634373662061989307e-04
6.640000000000000000e+02 8.631457458250224590e-04
6.650000000000000000e+02 8.628549985587596893e-04
6.660000000000000000e+02 8.625613409094512463e-04
6.670000000000000000e+02 8.622783352620899677e-04
6.680000000000000000e+02 8.619909640401601791e-04
6.690000000000000000e+02 8.617082494311034679e-04
6.700000000000000000e+02 8.614272228442132473e-04
6.710000000000000000e+02 8.611363009549677372e-04
6.720000000000000000e+02 8.608571952208876610e-04
6.730000000000000000e+02 8.605819311924278736e-04
6.740000000000000000e+02 8.603027672506868839e-04
6.750000000000000000e+02 8.600244764238595963e-04
6.760000000000000000e+02 8.597450796514749527e-04
6.770000000000000000e+02 8.594682440161705017e-04
6.780000000000000000e+02 8.591890800744295120e-04
6.790000000000000000e+02 8.589129429310560226e-04
6.800000000000000000e+02 8.586440817452967167e-04
6.810000000000000000e+02 8.583654416725039482e-04
6.820000000000000000e+02 8.580924477428197861e-04
6.830000000000000000e+02 8.578188135288655758e-04
6.840000000000000000e+02 8.575520478188991547e-04
6.850000000000000000e+02 8.572752703912556171e-04
6.860000000000000000e+02 8.570025092922151089e-04
6.870000000000000000e+02 8.567325421608984470e-04
6.880000000000000000e+02 8.564628078602254391e-04
6.890000000000000000e+02 8.561830618418753147e-04
6.900000000000000000e+02 8.559182169847190380e-04
6.910000000000000000e+02 8.556433604098856449e-04
6.920000000000000000e+02 8.553692023269832134e-04
6.930000000000000000e+02 8.550952188670635223e-04
6.940000000000000000e+02 8.548315381631255150e-04
6.950000000000000000e+02 8.545581367798149586e-04
6.960000000000000000e+02 8.542880532331764698e-04
6.970000000000000000e+02 8.540163980796933174e-04
6.980000000000000000e+02 8.537490502931177616e-04
6.990000000000000000e+02 8.534742519259452820e-04
7.000000000000000000e+02 8.532078936696052551e-04
7.010000000000000000e+02 8.529284386895596981e-04
7.020000000000000000e+02 8.526658057235181332e-04
7.030000000000000000e+02 8.524011936970055103e-04
7.040000000000000000e+02 8.521339041180908680e-04
7.050000000000000000e+02 8.518666727468371391e-04
7.060000000000000000e+02 8.516084053553640842e-04
7.070000000000000000e+02 8.513460052199661732e-04
7.080000000000000000e+02 8.510858169756829739e-04
7.090000000000000000e+02 8.508340688422322273e-04
7.100000000000000000e+02 8.505881414748728275e-04
7.110000000000000000e+02 8.503363351337611675e-04
7.120000000000000000e+02 8.500950643792748451e-04
7.130000000000000000e+02 8.498532115481793880e-04
7.140000000000000000e+02 8.496212540194392204e-04
7.150000000000000000e+02 8.493803907185792923e-04
7.160000000000000000e+02 8.491544867865741253e-04
7.170000000000000000e+02 8.489320171065628529e-04
7.180000000000000000e+02 8.487034356221556664e-04
7.190000000000000000e+02 8.484935970045626163e-04
7.200000000000000000e+02 8.482818375341594219e-04
7.210000000000000000e+02 8.480807882733643055e-04
7.220000000000000000e+02 8.478774107061326504e-04
7.230000000000000000e+02 8.476717630401253700e-04
7.240000000000000000e+02 8.474796195514500141e-04
7.250000000000000000e+02 8.472792105749249458e-04
7.260000000000000000e+02 8.470920729450881481e-04
7.270000000000000000e+02 8.469043532386422157e-04
7.280000000000000000e+02 8.467189036309719086e-04
7.290000000000000000e+02 8.465358405373990536e-04
7.300000000000000000e+02 8.463531266897916794e-04
7.310000000000000000e+02 8.461729157716035843e-04
7.320000000000000000e+02 8.460001554340124130e-04
7.330000000000000000e+02 8.458162774331867695e-04
7.340000000000000000e+02 8.456546347588300705e-04
7.350000000000000000e+02 8.454916533082723618e-04
7.360000000000000000e+02 8.453110349364578724e-04
7.370000000000000000e+02 8.451524772681295872e-04
7.380000000000000000e+02 8.449885644949972630e-04
7.390000000000000000e+02 8.448235457763075829e-04
7.400000000000000000e+02 8.446595165878534317e-04
7.410000000000000000e+02 8.445071871392428875e-04
7.420000000000000000e+02 8.443480473943054676e-04
7.430000000000000000e+02 8.441855316050350666e-04
7.440000000000000000e+02 8.440368692390620708e-04
7.450000000000000000e+02 8.438950171694159508e-04
7.460000000000000000e+02 8.437340147793292999e-04
7.470000000000000000e+02 8.435845375061035156e-04
7.480000000000000000e+02 8.434399496763944626e-04
7.490000000000000000e+02 8.432935574091970921e-04
7.500000000000000000e+02 8.431465248577296734e-04
7.510000000000000000e+02 8.430052548646926880e-04
7.520000000000000000e+02 8.428575820289552212e-04
7.530000000000000000e+02 8.427152060903608799e-04
7.540000000000000000e+02 8.425757405348122120e-04
7.550000000000000000e+02 8.424372063018381596e-04
7.560000000000000000e+02 8.422999526374042034e-04
7.570000000000000000e+02 8.421665406785905361e-04
7.580000000000000000e+02 8.420359226875007153e-04
7.590000000000000000e+02 8.418973302468657494e-04
7.600000000000000000e+02 8.417643257416784763e-04
7.610000000000000000e+02 8.416362688876688480e-04
7.620000000000000000e+02 8.415070478804409504e-04
7.630000000000000000e+02 8.413777104578912258e-04
7.640000000000000000e+02 8.412433671765029430e-04
7.650000000000000000e+02 8.411231683567166328e-04
7.660000000000000000e+02 8.409935981035232544e-04
7.670000000000000000e+02 8.408753201365470886e-04
7.680000000000000000e+02 8.407525019720196724e-04
7.690000000000000000e+02 8.406334090977907181e-04
7.700000000000000000e+02 8.405148983001708984e-04
7.710000000000000000e+02 8.403970277868211269e-04
7.720000000000000000e+02 8.402832900173962116e-04
7.730000000000000000e+02 8.401649538427591324e-04
7.740000000000000000e+02 8.400462102144956589e-04
7.750000000000000000e+02 8.399353828281164169e-04
7.760000000000000000e+02 8.398136706091463566e-04
7.770000000000000000e+02 8.397091878578066826e-04
7.780000000000000000e+02 8.395970216952264309e-04
7.790000000000000000e+02 8.394923643209040165e-04
7.800000000000000000e+02 8.393818279728293419e-04
7.810000000000000000e+02 8.392834570258855820e-04
7.820000000000000000e+02 8.391740848310291767e-04
7.830000000000000000e+02 8.390672155655920506e-04
7.840000000000000000e+02 8.389694266952574253e-04
7.850000000000000000e+02 8.388634305447340012e-04
7.860000000000000000e+02 8.387608686462044716e-04
7.870000000000000000e+02 8.386636036448180676e-04
7.880000000000000000e+02 8.385637775063514709e-04
7.890000000000000000e+02 8.384636021219193935e-04
7.900000000000000000e+02 8.383654057979583740e-04
7.910000000000000000e+02 8.382684318348765373e-04
7.920000000000000000e+02 8.381807128898799419e-04
7.930000000000000000e+02 8.380803046748042107e-04
7.940000000000000000e+02 8.379856008104979992e-04
7.950000000000000000e+02 8.378998609259724617e-04
7.960000000000000000e+02 8.378081838600337505e-04
7.970000000000000000e+02 8.377118501812219620e-04
7.980000000000000000e+02 8.376211044378578663e-04
7.990000000000000000e+02 8.375308825634419918e-04
8.000000000000000000e+02 8.374373428523540497e-04
8.010000000000000000e+02 8.373505552299320698e-04
8.020000000000000000e+02 8.372638840228319168e-04
8.030000000000000000e+02 8.371703443117439747e-04
8.040000000000000000e+02 8.370922878384590149e-04
8.050000000000000000e+02 8.369958959519863129e-04
8.060000000000000000e+02 8.369142306037247181e-04
8.070000000000000000e+02 8.368259295821189880e-04
8.080000000000000000e+02 8.367362315766513348e-04
8.090000000000000000e+02 8.366484544239938259e-04
8.100000000000000000e+02 8.365664980374276638e-04
8.110000000000000000e+02 8.364830864593386650e-04
8.120000000000000000e+02 8.364011300727725029e-04
8.130000000000000000e+02 8.363106171600520611e-04
8.140000000000000000e+02 8.362304070033133030e-04
8.150000000000000000e+02 8.361477521248161793e-04
8.160000000000000000e+02 8.360556676052510738e-04
8.170000000000000000e+02 8.359779021702706814e-04
8.180000000000000000e+02 8.359005441889166832e-04
8.190000000000000000e+02 8.358093909919261932e-04
8.200000000000000000e+02 8.357228362001478672e-04
8.210000000000000000e+02 8.356433245353400707e-04
8.220000000000000000e+02 8.355620084330439568e-04
8.230000000000000000e+02 8.354797610081732273e-04
8.240000000000000000e+02 8.353993762284517288e-04
8.250000000000000000e+02 8.353105513378977776e-04
8.260000000000000000e+02 8.352322620339691639e-04
8.270000000000000000e+02 8.351457654498517513e-04
8.280000000000000000e+02 8.350565331056714058e-04
8.290000000000000000e+02 8.349742856808006763e-04
8.300000000000000000e+02 8.348948904313147068e-04
8.310000000000000000e+02 8.348131668753921986e-04
8.320000000000000000e+02 8.347338880412280560e-04
8.330000000000000000e+02 8.346484391950070858e-04
8.340000000000000000e+02 8.345652604475617409e-04
8.350000000000000000e+02 8.344876114279031754e-04
8.360000000000000000e+02 8.344044326804578304e-04
8.370000000000000000e+02 8.343195659108459949e-04
8.380000000000000000e+02 8.342383080162107944e-04
8.390000000000000000e+02 8.341546053998172283e-04
8.400000000000000000e+02 8.340703789144754410e-04
8.410000000000000000e+02 8.339799242094159126e-04
8.420000000000000000e+02 8.339034975506365299e-04
8.430000000000000000e+02 8.338158950209617615e-04
8.440000000000000000e+02 8.337356266565620899e-04
8.450000000000000000e+02 8.336536120623350143e-04
8.460000000000000000e+02 8.335634483955800533e-04
8.470000000000000000e+02 8.334816084243357182e-04
8.480000000000000000e+02 8.333951118402183056e-04
8.490000000000000000e+02 8.333084988407790661e-04
8.500000000000000000e+02 8.332245051860809326e-04
8.510000000000000000e+02 8.331432472914457321e-04
8.520000000000000000e+02 8.330564596690237522e-04
8.530000000000000000e+02 8.329646079801023006e-04
8.540000000000000000e+02 8.328801486641168594e-04
8.550000000000000000e+02 8.327994146384298801e-04
8.560000000000000000e+02 8.327094255946576595e-04
8.570000000000000000e+02 8.326249662786722183e-04
8.580000000000000000e+02 8.325364324264228344e-04
8.590000000000000000e+02 8.324480731971561909e-04
8.600000000000000000e+02 8.323611691594123840e-04
8.610000000000000000e+02 8.322718203999102116e-04
8.620000000000000000e+02 8.321853820234537125e-04
8.630000000000000000e+02 8.320885826833546162e-04
8.640000000000000000e+02 8.320087799802422523e-04
8.650000000000000000e+02 8.319130283780395985e-04
8.660000000000000000e+02 8.318198961205780506e-04
8.670000000000000000e+02 8.317350293509662151e-04
8.680000000000000000e+02 8.316409075632691383e-04
8.690000000000000000e+02 8.315506856888532639e-04
8.700000000000000000e+02 8.314628503285348415e-04
8.710000000000000000e+02 8.313653524965047836e-04
8.720000000000000000e+02 8.312691934406757355e-04
8.730000000000000000e+02 8.311723941005766392e-04
8.740000000000000000e+02 8.310899720527231693e-04
8.750000000000000000e+02 8.309936383739113808e-04
8.760000000000000000e+02 8.308949763886630535e-04
8.770000000000000000e+02 8.307948592118918896e-04
8.780000000000000000e+02 8.307039970532059669e-04
8.790000000000000000e+02 8.306034724228084087e-04
8.800000000000000000e+02 8.305052760988473892e-04
8.810000000000000000e+02 8.304145885631442070e-04
8.820000000000000000e+02 8.303129579871892929e-04
8.830000000000000000e+02 8.302104542963206768e-04
8.840000000000000000e+02 8.301157504320144653e-04
8.850000000000000000e+02 8.300176123157143593e-04
8.860000000000000000e+02 8.299112087115645409e-04
8.870000000000000000e+02 8.298072498291730881e-04
8.880000000000000000e+02 8.296999149024486542e-04
8.890000000000000000e+02 8.296037558466196060e-04
8.900000000000000000e+02 8.295074803754687309e-04
8.910000000000000000e+02 8.293940918520092964e-04
8.920000000000000000e+02 8.292881539091467857e-04
8.930000000000000000e+02 8.291829726658761501e-04
8.940000000000000000e+02 8.290797122754156590e-04
8.950000000000000000e+02 8.289681281894445419e-04
8.960000000000000000e+02 8.288606768473982811e-04
8.970000000000000000e+02 8.287492673844099045e-04
8.980000000000000000e+02 8.286455995403230190e-04
8.990000000000000000e+02 8.285331423394382000e-04
9.000000000000000000e+02 8.284242940135300159e-04
9.010000000000000000e+02 8.283101487904787064e-04
9.020000000000000000e+02 8.281958871521055698e-04
9.030000000000000000e+02 8.280805195681750774e-04
9.040000000000000000e+02 8.279716712422668934e-04
9.050000000000000000e+02 8.278511813841760159e-04
9.060000000000000000e+02 8.277467568404972553e-04
9.070000000000000000e+02 8.276209700852632523e-04
9.080000000000000000e+02 8.275114814750850201e-04
9.090000000000000000e+02 8.273922139778733253e-04
9.100000000000000000e+02 8.272757986560463905e-04
9.110000000000000000e+02 8.271535625681281090e-04
9.120000000000000000e+02 8.270358084701001644e-04
9.130000000000000000e+02 8.269146783277392387e-04
9.140000000000000000e+02 8.267944213002920151e-04
9.150000000000000000e+02 8.266632212325930595e-04
9.160000000000000000e+02 8.265420328825712204e-04
9.170000000000000000e+02 8.264270145446062088e-04
9.180000000000000000e+02 8.263029158115386963e-04
9.190000000000000000e+02 8.261746843345463276e-04
9.200000000000000000e+02 8.260533795692026615e-04
9.210000000000000000e+02 8.259257883764803410e-04
9.220000000000000000e+02 8.257990702986717224e-04
9.230000000000000000e+02 8.256695582531392574e-04
9.240000000000000000e+02 8.255377179011702538e-04
9.250000000000000000e+02 8.254153653979301453e-04
9.260000000000000000e+02 8.252861443907022476e-04
9.270000000000000000e+02 8.251562248915433884e-04
9.280000000000000000e+02 8.250245591625571251e-04
9.290000000000000000e+02 8.249038364738225937e-04
9.300000000000000000e+02 8.247692603617906570e-04
9.310000000000000000e+02 8.246389916166663170e-04
9.320000000000000000e+02 8.245057542808353901e-04
9.330000000000000000e+02 8.243772317655384541e-04
9.340000000000000000e+02 8.242388721555471420e-04
9.350000000000000000e+02 8.241032483056187630e-04
9.360000000000000000e+02 8.239800808951258659e-04
9.370000000000000000e+02 8.238466107286512852e-04
9.380000000000000000e+02 8.237019646912813187e-04
9.390000000000000000e+02 8.235697168856859207e-04
9.400000000000000000e+02 8.234374108724296093e-04
9.410000000000000000e+02 8.233006810769438744e-04
9.420000000000000000e+02 8.231683168560266495e-04
9.430000000000000000e+02 8.230360108427703381e-04
9.440000000000000000e+02 8.228979422710835934e-04
9.450000000000000000e+02 8.227583603002130985e-04
9.460000000000000000e+02 8.226277423091232777e-04
9.470000000000000000e+02 8.224869379773736000e-04
9.480000000000000000e+02 8.223489858210086823e-04
9.490000000000000000e+02 8.222077740356326103e-04
9.500000000000000000e+02 8.220666204579174519e-04
9.510000000000000000e+02 8.219404262490570545e-04
9.520000000000000000e+02 8.217925205826759338e-04
9.530000000000000000e+02 8.216530550271272659e-04
9.540000000000000000e+02 8.215131820179522038e-04
9.550000000000000000e+02 8.213766850531101227e-04
9.560000000000000000e+02 8.212307002395391464e-04
9.570000000000000000e+02 8.210982196033000946e-04
9.580000000000000000e+02 8.209520019590854645e-04
9.590000000000000000e+02 8.208056678995490074e-04
9.600000000000000000e+02 8.206728380173444748e-04
9.610000000000000000e+02 8.205212652683258057e-04
9.620000000000000000e+02 8.203778415918350220e-04
9.630000000000000000e+02 8.202312164939939976e-04
9.640000000000000000e+02 8.200986776500940323e-04
9.650000000000000000e+02 8.199471049010753632e-04
9.660000000000000000e+02 8.198121795430779457e-04
9.670000000000000000e+02 8.196581038646399975e-04
9.680000000000000000e+02 8.195138070732355118e-04
9.690000000000000000e+02 8.193662506528198719e-04
9.700000000000000000e+02 8.192249224521219730e-04
9.710000000000000000e+02 8.190771332010626793e-04
9.720000000000000000e+02 8.189256186597049236e-04
9.730000000000000000e+02 8.187795174308121204e-04
9.740000000000000000e+02 8.186266059055924416e-04
9.750000000000000000e+02 8.184795151464641094e-04
9.760000000000000000e+02 8.183359168469905853e-04
9.770000000000000000e+02 8.181869052350521088e-04
9.780000000000000000e+02 8.180326549336314201e-04
9.790000000000000000e+02 8.178810239769518375e-04
9.800000000000000000e+02 8.177295094355940819e-04
9.810000000000000000e+02 8.175809634849429131e-04
9.820000000000000000e+02 8.174231043085455894e-04
9.830000000000000000e+02 8.172694360837340355e-04
9.840000000000000000e+02 8.171164081431925297e-04
9.850000000000000000e+02 8.169607026502490044e-04
9.860000000000000000e+02 8.168044732883572578e-04
9.870000000000000000e+02 8.166526095010340214e-04
9.880000000000000000e+02 8.164930040948092937e-04
9.890000000000000000e+02 8.163313032127916813e-04
9.900000000000000000e+02 8.161709993146359921e-04
9.910000000000000000e+02 8.160148863680660725e-04
9.920000000000000000e+02 8.158539421856403351e-04
9.930000000000000000e+02 8.156959083862602711e-04
9.940000000000000000e+02 8.155389223247766495e-04
9.950000000000000000e+02 8.153710514307022095e-04
9.960000000000000000e+02 8.152109803631901741e-04
9.970000000000000000e+02 8.150471840053796768e-04
9.980000000000000000e+02 8.148755878210067749e-04
9.990000000000000000e+02 8.147070766426622868e-04
