0.000000000000000000e+00 1.296645545959472656e+01
1.000000000000000000e+00 6.755176544189453125e+00
2.000000000000000000e+00 2.668630361557006836e+00
3.000000000000000000e+00 6.826300621032714844e-01
4.000000000000000000e+00 1.386363208293914795e-01
5.000000000000000000e+00 4.016265273094177246e-02
6.000000000000000000e+00 2.324315160512924194e-02
7.000000000000000000e+00 1.973657868802547455e-02
8.000000000000000000e+00 1.880458369851112366e-02
9.000000000000000000e+00 1.849205791950225830e-02
1.000000000000000000e+01 1.836479082703590393e-02
1.100000000000000000e+01 1.830292120575904846e-02
1.200000000000000000e+01 1.826759241521358490e-02
1.300000000000000000e+01 1.824397593736648560e-02
1.400000000000000000e+01 1.822581887245178223e-02
1.500000000000000000e+01 1.821022853255271912e-02
1.600000000000000000e+01 1.819536648690700531e-02
1.700000000000000000e+01 1.818053424358367920e-02
1.800000000000000000e+01 1.816497184336185455e-02
1.900000000000000000e+01 1.814825832843780518e-02
2.000000000000000000e+01 1.812997087836265564e-02
2.100000000000000000e+01 1.810942962765693665e-02
2.200000000000000000e+01 1.808636263012886047e-02
2.300000000000000000e+01 1.806022226810455322e-02
2.400000000000000000e+01 1.803019829094409943e-02
2.500000000000000000e+01 1.799559779465198517e-02
2.600000000000000000e+01 1.795506849884986877e-02
2.700000000000000000e+01 1.790733821690082550e-02
2.800000000000000000e+01 1.785051077604293823e-02
2.900000000000000000e+01 1.778205297887325287e-02
3.000000000000000000e+01 1.769870147109031677e-02
3.100000000000000000e+01 1.759509742259979248e-02
3.200000000000000000e+01 1.746498793363571167e-02
3.300000000000000000e+01 1.729877479374408722e-02
3.400000000000000000e+01 1.708163693547248840e-02
3.500000000000000000e+01 1.679397374391555786e-02
3.600000000000000000e+01 1.640598103404045105e-02
3.700000000000000000e+01 1.587706245481967926e-02
3.800000000000000000e+01 1.515522133558988571e-02
3.900000000000000000e+01 1.419832743704319000e-02
4.000000000000000000e+01 1.302185188978910446e-02
4.100000000000000000e+01 1.178153045475482941e-02
4.200000000000000000e+01 1.076397299766540527e-02
4.300000000000000000e+01 1.014932617545127869e-02
4.400000000000000000e+01 9.748139418661594391e-03
4.500000000000000000e+01 9.233675897121429443e-03
4.600000000000000000e+01 8.520376868546009064e-03
4.700000000000000000e+01 7.733401376754045486e-03
4.800000000000000000e+01 6.987065542489290237e-03
4.900000000000000000e+01 6.305368151515722275e-03
5.000000000000000000e+01 5.687553901225328445e-03
5.100000000000000000e+01 5.149102769792079926e-03
5.200000000000000000e+01 4.698453471064567566e-03
5.300000000000000000e+01 4.332918208092451096e-03
5.400000000000000000e+01 4.026599228382110596e-03
5.500000000000000000e+01 3.760755527764558792e-03
5.600000000000000000e+01 3.524261293932795525e-03
5.700000000000000000e+01 3.316163783892989159e-03
5.800000000000000000e+01 3.131962381303310394e-03
5.900000000000000000e+01 2.972739748656749725e-03
6.000000000000000000e+01 2.833542646840214729e-03
6.100000000000000000e+01 2.713178517296910286e-03
6.200000000000000000e+01 2.607933245599269867e-03
6.300000000000000000e+01 2.513858722522854805e-03
6.400000000000000000e+01 2.428797539323568344e-03
6.500000000000000000e+01 2.348877256736159325e-03
6.600000000000000000e+01 2.274944446980953217e-03
6.700000000000000000e+01 2.205352764576673508e-03
6.800000000000000000e+01 2.140025142580270767e-03
6.900000000000000000e+01 2.077892888337373734e-03
7.000000000000000000e+01 2.020371844992041588e-03
7.100000000000000000e+01 1.965190749615430832e-03
7.200000000000000000e+01 1.914032269269227982e-03
7.300000000000000000e+01 1.865073456428945065e-03
7.400000000000000000e+01 1.817912561818957329e-03
7.500000000000000000e+01 1.772966003045439720e-03
7.600000000000000000e+01 1.730043324641883373e-03
7.700000000000000000e+01 1.688950578682124615e-03
7.800000000000000000e+01 1.649570185691118240e-03
7.900000000000000000e+01 1.611222745850682259e-03
8.000000000000000000e+01 1.574794645421206951e-03
8.100000000000000000e+01 1.539673190563917160e-03
8.200000000000000000e+01 1.505631604231894016e-03
8.300000000000000000e+01 1.473353244364261627e-03
8.400000000000000000e+01 1.442025764845311642e-03
8.500000000000000000e+01 1.411848468706011772e-03
8.600000000000000000e+01 1.382495276629924774e-03
8.700000000000000000e+01 1.354128238745033741e-03
8.800000000000000000e+01 1.326860394328832626e-03
8.900000000000000000e+01 1.299938419833779335e-03
9.000000000000000000e+01 1.274292357265949249e-03
9.100000000000000000e+01 1.249753404408693314e-03
9.200000000000000000e+01 1.225893502123653889e-03
9.300000000000000000e+01 1.202766783535480499e-03
9.400000000000000000e+01 1.180265680886805058e-03
9.500000000000000000e+01 1.158354454673826694e-03
9.600000000000000000e+01 1.137399114668369293e-03
9.700000000000000000e+01 1.116684637963771820e-03
9.800000000000000000e+01 1.096648629754781723e-03
9.900000000000000000e+01 1.077561290003359318e-03
1.000000000000000000e+02 1.058782683685421944e-03
1.010000000000000000e+02 1.040742266923189163e-03
1.020000000000000000e+02 1.023127580992877483e-03
1.030000000000000000e+02 1.005996135063469410e-03
1.040000000000000000e+02 9.895238326862454414e-04
1.050000000000000000e+02 9.732622420415282249e-04
1.060000000000000000e+02 9.576312731951475143e-04
1.070000000000000000e+02 9.422721923328936100e-04
1.080000000000000000e+02 9.275418124161660671e-04
1.090000000000000000e+02 9.131301776506006718e-04
1.100000000000000000e+02 8.990615606307983398e-04
1.110000000000000000e+02 8.853044128045439720e-04
1.120000000000000000e+02 8.719864999875426292e-04
1.130000000000000000e+02 8.593737147748470306e-04
1.140000000000000000e+02 8.466013823635876179e-04
1.150000000000000000e+02 8.342220680788159370e-04
1.160000000000000000e+02 8.223508484661579132e-04
1.170000000000000000e+02 8.108252659440040588e-04
1.180000000000000000e+02 7.994644111022353172e-04
1.190000000000000000e+02 7.883330690674483776e-04
1.200000000000000000e+02 7.773835677653551102e-04
1.210000000000000000e+02 7.669989718124270439e-04
1.220000000000000000e+02 7.566928397864103317e-04
1.230000000000000000e+02 7.466713432222604752e-04
1.240000000000000000e+02 7.369223749265074730e-04
1.250000000000000000e+02 7.274430245161056519e-04
1.260000000000000000e+02 7.179046515375375748e-04
1.270000000000000000e+02 7.086747791618108749e-04
1.280000000000000000e+02 6.997407181188464165e-04
1.290000000000000000e+02 6.910389056429266930e-04
1.300000000000000000e+02 6.823935545980930328e-04
1.310000000000000000e+02 6.740301032550632954e-04
1.320000000000000000e+02 6.657218909822404385e-04
1.330000000000000000e+02 6.578913889825344086e-04
1.340000000000000000e+02 6.500271847471594810e-04
1.350000000000000000e+02 6.423953454941511154e-04
1.360000000000000000e+02 6.348533206619322300e-04
1.370000000000000000e+02 6.275376654230058193e-04
1.380000000000000000e+02 6.203545490279793739e-04
1.390000000000000000e+02 6.132414564490318298e-04
1.400000000000000000e+02 6.062196334823966026e-04
1.410000000000000000e+02 5.995268584229052067e-04
1.420000000000000000e+02 5.928006721660494804e-04
1.430000000000000000e+02 5.862348480150103569e-04
1.440000000000000000e+02 5.797712365165352821e-04
1.450000000000000000e+02 5.736142629757523537e-04
1.460000000000000000e+02 5.673710838891565800e-04
1.470000000000000000e+02 5.612805252894759178e-04
1.480000000000000000e+02 5.553380469791591167e-04
1.490000000000000000e+02 5.494045326486229897e-04
1.500000000000000000e+02 5.437916843220591545e-04
1.510000000000000000e+02 5.380994407460093498e-04
1.520000000000000000e+02 5.325002130120992661e-04
1.530000000000000000e+02 5.271092522889375687e-04
1.540000000000000000e+02 5.216220160946249962e-04
1.550000000000000000e+02 5.164981121197342873e-04
1.560000000000000000e+02 5.112268263474106789e-04
1.570000000000000000e+02 5.062577547505497932e-04
1.580000000000000000e+02 5.011423490941524506e-04
1.590000000000000000e+02 4.962196690030395985e-04
1.600000000000000000e+02 4.912639851681888103e-04
1.610000000000000000e+02 4.865436931140720844e-04
1.620000000000000000e+02 4.818828310817480087e-04
1.630000000000000000e+02 4.772109095938503742e-04
1.640000000000000000e+02 4.727646883111447096e-04
1.650000000000000000e+02 4.682579892687499523e-04
1.660000000000000000e+02 4.639219259843230247e-04
1.670000000000000000e+02 4.595172649715095758e-04
1.680000000000000000e+02 4.552967147901654243e-04
1.690000000000000000e+02 4.510601283982396126e-04
1.700000000000000000e+02 4.468524712137877941e-04
1.710000000000000000e+02 4.426990053616464138e-04
1.720000000000000000e+02 4.387490916997194290e-04
1.730000000000000000e+02 4.348345682956278324e-04
1.740000000000000000e+02 4.309251089580357075e-04
1.750000000000000000e+02 4.270351491868495941e-04
1.760000000000000000e+02 4.231805505696684122e-04
1.770000000000000000e+02 4.195263609290122986e-04
1.780000000000000000e+02 4.157922230660915375e-04
1.790000000000000000e+02 4.121725796721875668e-04
1.800000000000000000e+02 4.085178661625832319e-04
1.810000000000000000e+02 4.049909766763448715e-04
1.820000000000000000e+02 4.015875747427344322e-04
1.830000000000000000e+02 3.980961628258228302e-04
1.840000000000000000e+02 3.947211080230772495e-04
1.850000000000000000e+02 3.913906402885913849e-04
1.860000000000000000e+02 3.881003358401358128e-04
1.870000000000000000e+02 3.848687629215419292e-04
1.880000000000000000e+02 3.816497337538748980e-04
1.890000000000000000e+02 3.784442669712007046e-04
1.900000000000000000e+02 3.753077471628785133e-04
1.910000000000000000e+02 3.722218389157205820e-04
1.920000000000000000e+02 3.692174796015024185e-04
1.930000000000000000e+02 3.662360250018537045e-04
1.940000000000000000e+02 3.632550942711532116e-04
1.950000000000000000e+02 3.602948563639074564e-04
1.960000000000000000e+02 3.573281865101307631e-04
1.970000000000000000e+02 3.545179497450590134e-04
1.980000000000000000e+02 3.516293363645672798e-04
1.990000000000000000e+02 3.488495713099837303e-04
2.000000000000000000e+02 3.461783635430037975e-04
2.010000000000000000e+02 3.434322425164282322e-04
2.020000000000000000e+02 3.407689509913325310e-04
2.030000000000000000e+02 3.380993148311972618e-04
2.040000000000000000e+02 3.354576765559613705e-04
2.050000000000000000e+02 3.329545143060386181e-04
2.060000000000000000e+02 3.303836565464735031e-04
2.070000000000000000e+02 3.277646028436720371e-04
2.080000000000000000e+02 3.252511960454285145e-04
2.090000000000000000e+02 3.228322602808475494e-04
2.100000000000000000e+02 3.204309323336929083e-04
2.110000000000000000e+02 3.179630148224532604e-04
2.120000000000000000e+02 3.155867743771523237e-04
2.130000000000000000e+02 3.132997371722012758e-04
2.140000000000000000e+02 3.110016987193375826e-04
2.150000000000000000e+02 3.087012737523764372e-04
2.160000000000000000e+02 3.064046613872051239e-04
2.170000000000000000e+02 3.041350864805281162e-04
2.180000000000000000e+02 3.019055875483900309e-04
2.190000000000000000e+02 2.997393603436648846e-04
2.200000000000000000e+02 2.975529641844332218e-04
2.210000000000000000e+02 2.954370283987373114e-04
2.220000000000000000e+02 2.933227515313774347e-04
2.230000000000000000e+02 2.912122581619769335e-04
2.240000000000000000e+02 2.891499025281518698e-04
2.250000000000000000e+02 2.871613833121955395e-04
2.260000000000000000e+02 2.850581950042396784e-04
2.270000000000000000e+02 2.831035817507654428e-04
2.280000000000000000e+02 2.810770529322326183e-04
2.290000000000000000e+02 2.791182778310030699e-04
2.300000000000000000e+02 2.772089792415499687e-04
2.310000000000000000e+02 2.752818982116878033e-04
2.320000000000000000e+02 2.734002482611685991e-04
2.330000000000000000e+02 2.714773872867226601e-04
2.340000000000000000e+02 2.696574956644326448e-04
2.350000000000000000e+02 2.678348391782492399e-04
2.360000000000000000e+02 2.659898018464446068e-04
2.370000000000000000e+02 2.642272738739848137e-04
2.380000000000000000e+02 2.624015905894339085e-04
2.390000000000000000e+02 2.606678754091262817e-04
2.400000000000000000e+02 2.589264186099171638e-04
2.410000000000000000e+02 2.571597578935325146e-04
2.420000000000000000e+02 2.554836974013596773e-04
2.430000000000000000e+02 2.537640975788235664e-04
2.440000000000000000e+02 2.521270071156322956e-04
2.450000000000000000e+02 2.504690201021730900e-04
2.460000000000000000e+02 2.488376921974122524e-04
2.470000000000000000e+02 2.472047635819762945e-04
2.480000000000000000e+02 2.455978537909686565e-04
2.490000000000000000e+02 2.440246171317994595e-04
2.500000000000000000e+02 2.424591220915317535e-04
2.510000000000000000e+02 2.409165899734944105e-04
2.520000000000000000e+02 2.393723407294601202e-04
2.530000000000000000e+02 2.378333883825689554e-04
2.540000000000000000e+02 2.363655366934835911e-04
2.550000000000000000e+02 2.347823901800438762e-04
2.560000000000000000e+02 2.333423763047903776e-04
2.570000000000000000e+02 2.319033228559419513e-04
2.580000000000000000e+02 2.304168010596185923e-04
2.590000000000000000e+02 2.289873955305665731e-04
2.600000000000000000e+02 2.275706065120175481e-04
2.610000000000000000e+02 2.261652989545837045e-04
2.620000000000000000e+02 2.247242082376033068e-04
2.630000000000000000e+02 2.233405248261988163e-04
2.640000000000000000e+02 2.219612360931932926e-04
2.650000000000000000e+02 2.205917844548821449e-04
2.660000000000000000e+02 2.192409592680633068e-04
2.670000000000000000e+02 2.178758295485749841e-04
2.680000000000000000e+02 2.165815385524183512e-04
2.690000000000000000e+02 2.152569650206714869e-04
2.700000000000000000e+02 2.139704447472468019e-04
2.710000000000000000e+02 2.126843610312789679e-04
2.720000000000000000e+02 2.113857190124690533e-04
2.730000000000000000e+02 2.101645368384197354e-04
2.740000000000000000e+02 2.088964974973350763e-04
2.750000000000000000e+02 2.075994270853698254e-04
2.760000000000000000e+02 2.063983265543356538e-04
2.770000000000000000e+02 2.052338968496769667e-04
2.780000000000000000e+02 2.039826940745115280e-04
2.790000000000000000e+02 2.027963200816884637e-04
2.800000000000000000e+02 2.015962236328050494e-04
2.810000000000000000e+02 2.004269190365448594e-04
2.820000000000000000e+02 1.992609177250415087e-04
2.830000000000000000e+02 1.980995002668350935e-04
2.840000000000000000e+02 1.969467557501047850e-04
2.850000000000000000e+02 1.958102511707693338e-04
2.860000000000000000e+02 1.946781703736633062e-04
2.870000000000000000e+02 1.935697800945490599e-04
2.880000000000000000e+02 1.924410171341150999e-04
2.890000000000000000e+02 1.913457817863672972e-04
2.900000000000000000e+02 1.902650401461869478e-04
2.910000000000000000e+02 1.891649590106680989e-04
2.920000000000000000e+02 1.881037605926394463e-04
2.930000000000000000e+02 1.870647829491645098e-04
2.940000000000000000e+02 1.860178890638053417e-04
2.950000000000000000e+02 1.849383988883346319e-04
2.960000000000000000e+02 1.839121832745149732e-04
2.970000000000000000e+02 1.828951935749500990e-04
2.980000000000000000e+02 1.818624295992776752e-04
2.990000000000000000e+02 1.808163360692560673e-04
3.000000000000000000e+02 1.798330049496144056e-04
3.010000000000000000e+02 5.207476671785116196e-03
3.020000000000000000e+02 5.906664766371250153e-03
3.030000000000000000e+02 4.642115440219640732e-03
3.040000000000000000e+02 4.909731913357973099e-03
3.050000000000000000e+02 4.813107196241617203e-03
3.060000000000000000e+02 4.539771005511283875e-03
3.070000000000000000e+02 4.086884669959545135e-03
3.080000000000000000e+02 3.177908016368746758e-03
3.090000000000000000e+02 2.238895045593380928e-03
3.100000000000000000e+02 2.011956181377172470e-03
3.110000000000000000e+02 2.032168209552764893e-03
3.120000000000000000e+02 2.062058541923761368e-03
3.130000000000000000e+02 2.079303842037916183e-03
3.140000000000000000e+02 2.087839413434267044e-03
3.150000000000000000e+02 2.091177506372332573e-03
3.160000000000000000e+02 2.091418486088514328e-03
3.170000000000000000e+02 2.089808462187647820e-03
3.180000000000000000e+02 2.087080385535955429e-03
3.190000000000000000e+02 2.083787694573402405e-03
3.200000000000000000e+02 2.080196747556328773e-03
3.210000000000000000e+02 2.076594391837716103e-03
3.220000000000000000e+02 2.073071431368589401e-03
3.230000000000000000e+02 2.069684676826000214e-03
3.240000000000000000e+02 2.066360786557197571e-03
3.250000000000000000e+02 2.063016407191753387e-03
3.260000000000000000e+02 2.059443388134241104e-03
3.270000000000000000e+02 2.055319258943200111e-03
3.280000000000000000e+02 2.050280338153243065e-03
3.290000000000000000e+02 2.043788088485598564e-03
3.300000000000000000e+02 2.035172889009118080e-03
3.310000000000000000e+02 2.023670589551329613e-03
3.320000000000000000e+02 2.008423674851655960e-03
3.330000000000000000e+02 1.988645410165190697e-03
3.340000000000000000e+02 1.964450580999255180e-03
3.350000000000000000e+02 1.937768771313130856e-03
3.360000000000000000e+02 1.912683481350541115e-03
3.370000000000000000e+02 1.892972039058804512e-03
3.380000000000000000e+02 1.877462491393089294e-03
3.390000000000000000e+02 1.862048171460628510e-03
3.400000000000000000e+02 1.845719176344573498e-03
3.410000000000000000e+02 1.831234782002866268e-03
3.420000000000000000e+02 1.819987432099878788e-03
3.430000000000000000e+02 1.811151159927248955e-03
3.440000000000000000e+02 1.802489394322037697e-03
3.450000000000000000e+02 1.792367664165794849e-03
3.460000000000000000e+02 1.780462916940450668e-03
3.470000000000000000e+02 1.767503214068710804e-03
3.480000000000000000e+02 1.755108591169118881e-03
3.490000000000000000e+02 1.744599197991192341e-03
3.500000000000000000e+02 1.736053149215877056e-03
3.510000000000000000e+02 1.728325500153005123e-03
3.520000000000000000e+02 1.720595057122409344e-03
3.530000000000000000e+02 1.712729223072528839e-03
3.540000000000000000e+02 1.704961410723626614e-03
3.550000000000000000e+02 1.697362284176051617e-03
3.560000000000000000e+02 1.690087257884442806e-03
3.570000000000000000e+02 1.683279057033360004e-03
3.580000000000000000e+02 1.676784595474600792e-03
3.590000000000000000e+02 1.670493395067751408e-03
3.600000000000000000e+02 1.664699520915746689e-03
3.610000000000000000e+02 1.659622997976839542e-03
3.620000000000000000e+02 1.655001891776919365e-03
3.630000000000000000e+02 1.650492893531918526e-03
3.640000000000000000e+02 1.646053628064692020e-03
3.650000000000000000e+02 1.641872804611921310e-03
3.660000000000000000e+02 1.637931331060826778e-03
3.670000000000000000e+02 1.634148065932095051e-03
3.680000000000000000e+02 1.630467711947858334e-03
3.690000000000000000e+02 1.626930432394146919e-03
3.700000000000000000e+02 1.623515971004962921e-03
3.710000000000000000e+02 1.620210590772330761e-03
3.720000000000000000e+02 1.617043046280741692e-03
3.730000000000000000e+02 1.613962231203913689e-03
3.740000000000000000e+02 1.610956736840307713e-03
3.750000000000000000e+02 1.608088845387101173e-03
3.760000000000000000e+02 1.605298952199518681e-03
3.770000000000000000e+02 1.602583215571939945e-03
3.780000000000000000e+02 1.599945244379341602e-03
3.790000000000000000e+02 1.597369438968598843e-03
3.800000000000000000e+02 1.594861736521124840e-03
3.810000000000000000e+02 1.592404558323323727e-03
3.820000000000000000e+02 1.589984167367219925e-03
3.830000000000000000e+02 1.587610691785812378e-03
3.840000000000000000e+02 1.585270743817090988e-03
3.850000000000000000e+02 1.582958619110286236e-03
3.860000000000000000e+02 1.580667332746088505e-03
3.870000000000000000e+02 1.578398281708359718e-03
3.880000000000000000e+02 1.576149021275341511e-03
3.890000000000000000e+02 1.573895104229450226e-03
3.900000000000000000e+02 1.571656670421361923e-03
3.910000000000000000e+02 1.569423358887434006e-03
3.920000000000000000e+02 1.567180734127759933e-03
3.930000000000000000e+02 1.564942300319671631e-03
3.940000000000000000e+02 1.562704099342226982e-03
3.950000000000000000e+02 1.560441567562520504e-03
3.960000000000000000e+02 1.558176823891699314e-03
3.970000000000000000e+02 1.555898576043546200e-03
3.980000000000000000e+02 1.553603797219693661e-03
3.990000000000000000e+02 1.551301917061209679e-03
4.000000000000000000e+02 1.548969536088407040e-03
4.010000000000000000e+02 1.546615501865744591e-03
4.020000000000000000e+02 1.544257393106818199e-03
4.030000000000000000e+02 1.541874255053699017e-03
4.040000000000000000e+02 1.539479359053075314e-03
4.050000000000000000e+02 1.537087140604853630e-03
4.060000000000000000e+02 1.534667448140680790e-03
4.070000000000000000e+02 1.532247988507151604e-03
4.080000000000000000e+02 1.529843779280781746e-03
4.090000000000000000e+02 1.527444459497928619e-03
4.100000000000000000e+02 1.525057945400476456e-03
4.110000000000000000e+02 1.522682607173919678e-03
4.120000000000000000e+02 1.520345103926956654e-03
4.130000000000000000e+02 1.518022385425865650e-03
4.140000000000000000e+02 1.515739248134195805e-03
4.150000000000000000e+02 1.513490104116499424e-03
4.160000000000000000e+02 1.511278678663074970e-03
4.170000000000000000e+02 1.509123947471380234e-03
4.180000000000000000e+02 1.507008564658463001e-03
4.190000000000000000e+02 1.504938467405736446e-03
4.200000000000000000e+02 1.502922154031693935e-03
4.210000000000000000e+02 1.500949379988014698e-03
4.220000000000000000e+02 1.499034580774605274e-03
4.230000000000000000e+02 1.497157267294824123e-03
4.240000000000000000e+02 1.495343167334794998e-03
4.250000000000000000e+02 1.493560732342302799e-03
4.260000000000000000e+02 1.491831964813172817e-03
4.270000000000000000e+02 1.490145572461187840e-03
4.280000000000000000e+02 1.488504582084715366e-03
4.290000000000000000e+02 1.486888271756470203e-03
4.300000000000000000e+02 1.485315850004553795e-03
4.310000000000000000e+02 1.483778934925794601e-03
4.320000000000000000e+02 1.482277293689548969e-03
4.330000000000000000e+02 1.480802427977323532e-03
4.340000000000000000e+02 1.479360391385853291e-03
4.350000000000000000e+02 1.477942802011966705e-03
4.360000000000000000e+02 1.476543373428285122e-03
4.370000000000000000e+02 1.475173165090382099e-03
4.380000000000000000e+02 1.473814947530627251e-03
4.390000000000000000e+02 1.472480013035237789e-03
4.400000000000000000e+02 1.471161143854260445e-03
4.410000000000000000e+02 1.469864859245717525e-03
4.420000000000000000e+02 1.468581147491931915e-03
4.430000000000000000e+02 1.467314665205776691e-03
4.440000000000000000e+02 1.466061919927597046e-03
4.450000000000000000e+02 1.464820350520312786e-03
4.460000000000000000e+02 1.463586813770234585e-03
4.470000000000000000e+02 1.462372718378901482e-03
4.480000000000000000e+02 1.461169798858463764e-03
4.490000000000000000e+02 1.459981664083898067e-03
4.500000000000000000e+02 1.458805636502802372e-03
4.510000000000000000e+02 1.457636593841016293e-03
4.520000000000000000e+02 1.456473604775965214e-03
4.530000000000000000e+02 1.455327612347900867e-03
4.540000000000000000e+02 1.454193610697984695e-03
4.550000000000000000e+02 1.453062752261757851e-03
4.560000000000000000e+02 1.451942138373851776e-03
4.570000000000000000e+02 1.450830255635082722e-03
4.580000000000000000e+02 1.449729083105921745e-03
4.590000000000000000e+02 1.448630355298519135e-03
4.600000000000000000e+02 1.447547343559563160e-03
4.610000000000000000e+02 1.446455018594861031e-03
4.620000000000000000e+02 1.445382833480834961e-03
4.630000000000000000e+02 1.444309251382946968e-03
4.640000000000000000e+02 1.443239976651966572e-03
4.650000000000000000e+02 1.442178618162870407e-03
4.660000000000000000e+02 1.441111671738326550e-03
4.670000000000000000e+02 1.440065447241067886e-03
4.680000000000000000e+02 1.439000596292316914e-03
4.690000000000000000e+02 1.437948318198323250e-03
4.700000000000000000e+02 1.436900580301880836e-03
4.710000000000000000e+02 1.435847138054668903e-03
4.720000000000000000e+02 1.434796606190502644e-03
4.730000000000000000e+02 1.433739555068314075e-03
4.740000000000000000e+02 1.432692632079124451e-03
4.750000000000000000e+02 1.431642915122210979e-03
4.760000000000000000e+02 1.430590287782251835e-03
4.770000000000000000e+02 1.429534750059247017e-03
4.780000000000000000e+02 1.428480143658816814e-03
4.790000000000000000e+02 1.427417970262467861e-03
4.800000000000000000e+02 1.426356495358049870e-03
4.810000000000000000e+02 1.425289432518184185e-03
4.820000000000000000e+02 1.424224581569433212e-03
4.830000000000000000e+02 1.423145993612706661e-03
4.840000000000000000e+02 1.422071014530956745e-03
4.850000000000000000e+02 1.420988934114575386e-03
4.860000000000000000e+02 1.419906620867550373e-03
4.870000000000000000e+02 1.418817322701215744e-03
4.880000000000000000e+02 1.417721388861536980e-03
4.890000000000000000e+02 1.416617422364652157e-03
4.900000000000000000e+02 1.415519625879824162e-03
4.910000000000000000e+02 1.414402504451572895e-03
4.920000000000000000e+02 1.413290156051516533e-03
4.930000000000000000e+02 1.412170124240219593e-03
4.940000000000000000e+02 1.411047298461198807e-03
4.950000000000000000e+02 1.409922842867672443e-03
4.960000000000000000e+02 1.408801763318479061e-03
4.970000000000000000e+02 1.407676259987056255e-03
4.980000000000000000e+02 1.406546332873404026e-03
4.990000000000000000e+02 1.405418617650866508e-03
5.000000000000000000e+02 1.404284732416272163e-03
5.010000000000000000e+02 1.403143513016402721e-03
5.020000000000000000e+02 1.402008812874555588e-03
5.030000000000000000e+02 1.400878303684294224e-03
5.040000000000000000e+02 1.399740693159401417e-03
5.050000000000000000e+02 1.398593536578118801e-03
5.060000000000000000e+02 1.397446379996836185e-03
5.070000000000000000e+02 1.396299805492162704e-03
5.080000000000000000e+02 1.395132392644882202e-03
5.090000000000000000e+02 1.393973943777382374e-03
5.100000000000000000e+02 1.392823876813054085e-03
5.110000000000000000e+02 1.391758443787693977e-03
5.120000000000000000e+02 1.390876481309533119e-03
5.130000000000000000e+02 1.390604535117745399e-03
5.140000000000000000e+02 1.390935969538986683e-03
5.150000000000000000e+02 1.392325502820312977e-03
5.160000000000000000e+02 1.389652024954557419e-03
5.170000000000000000e+02 1.386160729452967644e-03
5.180000000000000000e+02 1.383182010613381863e-03
5.190000000000000000e+02 1.382679678499698639e-03
5.200000000000000000e+02 1.382779795676469803e-03
5.210000000000000000e+02 1.380932517349720001e-03
5.220000000000000000e+02 1.378654851578176022e-03
5.230000000000000000e+02 1.376980566419661045e-03
5.240000000000000000e+02 1.376142608933150768e-03
5.250000000000000000e+02 1.375343883410096169e-03
5.260000000000000000e+02 1.373831182718276978e-03
5.270000000000000000e+02 1.372167607769370079e-03
5.280000000000000000e+02 1.370606827549636364e-03
5.290000000000000000e+02 1.369330799207091331e-03
5.300000000000000000e+02 1.368223805911839008e-03
5.310000000000000000e+02 1.367031014524400234e-03
5.320000000000000000e+02 1.365842996165156364e-03
5.330000000000000000e+02 1.364477211609482765e-03
5.340000000000000000e+02 1.363112009130418301e-03
5.350000000000000000e+02 1.361637841910123825e-03
5.360000000000000000e+02 1.360204652883112431e-03
5.370000000000000000e+02 1.358743640594184399e-03
5.380000000000000000e+02 1.357317087240517139e-03
5.390000000000000000e+02 1.355869928374886513e-03
5.400000000000000000e+02 1.354403560981154442e-03
5.410000000000000000e+02 1.352919847704470158e-03
5.420000000000000000e+02 1.351406215690076351e-03
5.430000000000000000e+02 1.349865458905696869e-03
5.440000000000000000e+02 1.348285935819149017e-03
5.450000000000000000e+02 1.346716308034956455e-03
5.460000000000000000e+02 1.345162978395819664e-03
5.470000000000000000e+02 1.343863783404231071e-03
5.480000000000000000e+02 1.343217445537447929e-03
5.490000000000000000e+02 1.345555996522307396e-03
5.500000000000000000e+02 1.352290157228708267e-03
5.510000000000000000e+02 1.372113591060042381e-03
5.520000000000000000e+02 1.348801422864198685e-03
5.530000000000000000e+02 1.334961852990090847e-03
5.540000000000000000e+02 1.334412605501711369e-03
5.550000000000000000e+02 1.338296686299145222e-03
5.560000000000000000e+02 1.337307621724903584e-03
5.570000000000000000e+02 1.328628160990774632e-03
5.580000000000000000e+02 1.327957725152373314e-03
5.590000000000000000e+02 1.330288941971957684e-03
5.600000000000000000e+02 1.325859688222408295e-03
5.610000000000000000e+02 1.322074094787240028e-03
5.620000000000000000e+02 1.321599585935473442e-03
5.630000000000000000e+02 1.320958137512207031e-03
5.640000000000000000e+02 1.318697934038937092e-03
5.650000000000000000e+02 1.315947854891419411e-03
5.660000000000000000e+02 1.314635272137820721e-03
5.670000000000000000e+02 1.313709071837365627e-03
5.680000000000000000e+02 1.311682746745646000e-03
5.690000000000000000e+02 1.309397513978183270e-03
5.700000000000000000e+02 1.307396101765334606e-03
5.710000000000000000e+02 1.305737067013978958e-03
5.720000000000000000e+02 1.304099918343126774e-03
5.730000000000000000e+02 1.302087795920670033e-03
5.740000000000000000e+02 1.299958326853811741e-03
5.750000000000000000e+02 1.297764247283339500e-03
5.760000000000000000e+02 1.295637805014848709e-03
5.770000000000000000e+02 1.293531036935746670e-03
5.780000000000000000e+02 1.291477354243397713e-03
5.790000000000000000e+02 1.289463951252400875e-03
5.800000000000000000e+02 1.287466729991137981e-03
5.810000000000000000e+02 1.285548787564039230e-03
5.820000000000000000e+02 1.283681602217257023e-03
5.830000000000000000e+02 1.282081007957458496e-03
5.840000000000000000e+02 1.280827214941382408e-03
5.850000000000000000e+02 1.281226519495248795e-03
5.860000000000000000e+02 1.284101861529052258e-03
5.870000000000000000e+02 1.297770300880074501e-03
5.880000000000000000e+02 1.301629585213959217e-03
5.890000000000000000e+02 1.313692191615700722e-03
5.900000000000000000e+02 1.274269656278192997e-03
5.910000000000000000e+02 1.272151363082230091e-03
5.920000000000000000e+02 1.288061379455029964e-03
5.930000000000000000e+02 1.270850887522101402e-03
5.940000000000000000e+02 1.262526144273579121e-03
5.950000000000000000e+02 1.267275540158152580e-03
5.960000000000000000e+02 1.263442216441035271e-03
5.970000000000000000e+02 1.257171388715505600e-03
5.980000000000000000e+02 1.255867653526365757e-03
5.990000000000000000e+02 1.255378942005336285e-03
6.000000000000000000e+02 1.252036774531006813e-03
6.010000000000000000e+02 1.248358283191919327e-03
6.020000000000000000e+02 1.247111940756440163e-03
6.030000000000000000e+02 1.245487830601632595e-03
6.040000000000000000e+02 1.241835183463990688e-03
6.050000000000000000e+02 1.239079632796347141e-03
6.060000000000000000e+02 1.237380085512995720e-03
6.070000000000000000e+02 1.234922325238585472e-03
6.080000000000000000e+02 1.232043025083839893e-03
6.090000000000000000e+02 1.229537068866193295e-03
6.100000000000000000e+02 1.227400847710669041e-03
6.110000000000000000e+02 1.225150655955076218e-03
6.120000000000000000e+02 1.222593360580503941e-03
6.130000000000000000e+02 1.220136531628668308e-03
6.140000000000000000e+02 1.217850018292665482e-03
6.150000000000000000e+02 1.215526484884321690e-03
6.160000000000000000e+02 1.213114010170102119e-03
6.170000000000000000e+02 1.210671965964138508e-03
6.180000000000000000e+02 1.208271482028067112e-03
6.190000000000000000e+02 1.205884735099971294e-03
6.200000000000000000e+02 1.203438849188387394e-03
6.210000000000000000e+02 1.200972707010805607e-03
6.220000000000000000e+02 1.198445097543299198e-03
6.230000000000000000e+02 1.195856719277799129e-03
6.240000000000000000e+02 1.193189760670065880e-03
6.250000000000000000e+02 1.190409180708229542e-03
6.260000000000000000e+02 1.187543617561459541e-03
6.270000000000000000e+02 1.184580731205642223e-03
6.280000000000000000e+02 1.181646250188350677e-03
6.290000000000000000e+02 1.178755192086100578e-03
6.300000000000000000e+02 1.176210236735641956e-03
6.310000000000000000e+02 1.174054690636694431e-03
6.320000000000000000e+02 1.173380529507994652e-03
6.330000000000000000e+02 1.173777738586068153e-03
6.340000000000000000e+02 1.179495360702276230e-03
6.350000000000000000e+02 1.179920509457588196e-03
6.360000000000000000e+02 1.186009962111711502e-03
6.370000000000000000e+02 1.167612383142113686e-03
6.380000000000000000e+02 1.156636280938982964e-03
6.390000000000000000e+02 1.153641380369663239e-03
6.400000000000000000e+02 1.155738369561731815e-03
6.410000000000000000e+02 1.157153630629181862e-03
6.420000000000000000e+02 1.150112366303801537e-03
6.430000000000000000e+02 1.144462730735540390e-03
6.440000000000000000e+02 1.142068067565560341e-03
6.450000000000000000e+02 1.141308224759995937e-03
6.460000000000000000e+02 1.140043023042380810e-03
6.470000000000000000e+02 1.135966158472001553e-03
6.480000000000000000e+02 1.131634460762143135e-03
6.490000000000000000e+02 1.127502415329217911e-03
6.500000000000000000e+02 1.124236849136650562e-03
6.510000000000000000e+02 1.121553126722574234e-03
6.520000000000000000e+02 1.118988846428692341e-03
6.530000000000000000e+02 1.116505241952836514e-03
6.540000000000000000e+02 1.113495673052966595e-03
6.550000000000000000e+02 1.110618235543370247e-03
6.560000000000000000e+02 1.107662101276218891e-03
6.570000000000000000e+02 1.104982919059693813e-03
6.580000000000000000e+02 1.102457870729267597e-03
6.590000000000000000e+02 1.100088935345411301e-03
6.600000000000000000e+02 1.097751315683126450e-03
6.610000000000000000e+02 1.095429528504610062e-03
6.620000000000000000e+02 1.093012047931551933e-03
6.630000000000000000e+02 1.090557896532118320e-03
6.640000000000000000e+02 1.088180928491055965e-03
6.650000000000000000e+02 1.086371601559221745e-03
6.660000000000000000e+02 1.087419455870985985e-03
6.670000000000000000e+02 1.094696694053709507e-03
6.680000000000000000e+02 1.130821183323860168e-03
6.690000000000000000e+02 1.119342050515115261e-03
6.700000000000000000e+02 1.124712172895669937e-03
6.710000000000000000e+02 1.070221886038780212e-03
6.720000000000000000e+02 1.090772100724279881e-03
6.730000000000000000e+02 1.120726694352924824e-03
6.740000000000000000e+02 1.062709721736609936e-03
6.750000000000000000e+02 1.100743655115365982e-03
6.760000000000000000e+02 1.114937826059758663e-03
6.770000000000000000e+02 1.062592840753495693e-03
6.780000000000000000e+02 1.125952228903770447e-03
6.790000000000000000e+02 1.101433299481868744e-03
6.800000000000000000e+02 1.079660840332508087e-03
6.810000000000000000e+02 1.097354805096983910e-03
6.820000000000000000e+02 1.048710313625633717e-03
6.830000000000000000e+02 1.068888930603861809e-03
6.840000000000000000e+02 1.044717617332935333e-03
6.850000000000000000e+02 1.054803025908768177e-03
6.860000000000000000e+02 1.048037200234830379e-03
6.870000000000000000e+02 1.040515606291592121e-03
6.880000000000000000e+02 1.045194338075816631e-03
6.890000000000000000e+02 1.030372921377420425e-03
6.900000000000000000e+02 1.032198779284954071e-03
6.910000000000000000e+02 1.026705489493906498e-03
6.920000000000000000e+02 1.020894269458949566e-03
6.930000000000000000e+02 1.020818599499762058e-03
6.940000000000000000e+02 1.014486304484307766e-03
6.950000000000000000e+02 1.012451597489416599e-03
6.960000000000000000e+02 1.009406405501067638e-03
6.970000000000000000e+02 1.004016143269836903e-03
6.980000000000000000e+02 1.001466647721827030e-03
6.990000000000000000e+02 9.972469415515661240e-04
7.000000000000000000e+02 9.915839182212948799e-04
7.010000000000000000e+02 9.878604905679821968e-04
7.020000000000000000e+02 9.840176207944750786e-04
7.030000000000000000e+02 9.790449403226375580e-04
7.040000000000000000e+02 9.747825679369270802e-04
7.050000000000000000e+02 9.711089078336954117e-04
7.060000000000000000e+02 9.668472339399158955e-04
7.070000000000000000e+02 9.620812488719820976e-04
7.080000000000000000e+02 9.574371506460011005e-04
7.090000000000000000e+02 9.534899727441370487e-04
7.100000000000000000e+02 9.501513559371232986e-04
7.110000000000000000e+02 9.471549419686198235e-04
7.120000000000000000e+02 9.443298331461846828e-04
7.130000000000000000e+02 9.415619424544274807e-04
7.140000000000000000e+02 9.388867765665054321e-04
7.150000000000000000e+02 9.362673736177384853e-04
7.160000000000000000e+02 9.337438386864960194e-04
7.170000000000000000e+02 9.313534246757626534e-04
7.180000000000000000e+02 9.290965390391647816e-04
7.190000000000000000e+02 9.269407019019126892e-04
7.200000000000000000e+02 9.248806163668632507e-04
7.210000000000000000e+02 9.229194838553667068e-04
7.220000000000000000e+02 9.210369316861033440e-04
7.230000000000000000e+02 9.193078731186687946e-04
7.240000000000000000e+02 9.177332394756376743e-04
7.250000000000000000e+02 9.164978982880711555e-04
7.260000000000000000e+02 9.156677406281232834e-04
7.270000000000000000e+02 9.160300833173096180e-04
7.280000000000000000e+02 9.179256740026175976e-04
7.290000000000000000e+02 9.262652019970118999e-04
7.300000000000000000e+02 9.357594535686075687e-04
7.310000000000000000e+02 9.643174707889556885e-04
7.320000000000000000e+02 9.433960658498108387e-04
7.330000000000000000e+02 9.281290112994611263e-04
7.340000000000000000e+02 9.070854866877198219e-04
7.350000000000000000e+02 9.095474379137158394e-04
7.360000000000000000e+02 9.218779741786420345e-04
7.370000000000000000e+02 9.168192627839744091e-04
7.380000000000000000e+02 9.088774095289409161e-04
7.390000000000000000e+02 9.013880044221878052e-04
7.400000000000000000e+02 9.023803868331015110e-04
7.410000000000000000e+02 9.056493290700018406e-04
7.420000000000000000e+02 9.030800429172813892e-04
7.430000000000000000e+02 8.992880466394126415e-04
7.440000000000000000e+02 8.980627753771841526e-04
7.450000000000000000e+02 8.990258793346583843e-04
7.460000000000000000e+02 8.991905488073825836e-04
7.470000000000000000e+02 8.972975192591547966e-04
7.480000000000000000e+02 8.956652018241584301e-04
7.490000000000000000e+02 8.952387142926454544e-04
7.500000000000000000e+02 8.953061769716441631e-04
7.510000000000000000e+02 8.949245093390345573e-04
7.520000000000000000e+02 8.939264807850122452e-04
7.530000000000000000e+02 8.930574986152350903e-04
7.540000000000000000e+02 8.925609872676432133e-04
7.550000000000000000e+02 8.923026034608483315e-04
7.560000000000000000e+02 8.920124964788556099e-04
7.570000000000000000e+02 8.915206417441368103e-04
7.580000000000000000e+02 8.909367606975138187e-04
7.590000000000000000e+02 8.903400157578289509e-04
7.600000000000000000e+02 8.898071828298270702e-04
7.610000000000000000e+02 8.893689373508095741e-04
7.620000000000000000e+02 8.889827295206487179e-04
7.630000000000000000e+02 8.886249852366745472e-04
7.640000000000000000e+02 8.882548427209258080e-04
7.650000000000000000e+02 8.878631051629781723e-04
7.660000000000000000e+02 8.874596096575260162e-04
7.670000000000000000e+02 8.870488964021205902e-04
7.680000000000000000e+02 8.866289863362908363e-04
7.690000000000000000e+02 8.862178074195981026e-04
7.700000000000000000e+02 8.858063374646008015e-04
7.710000000000000000e+02 8.854281040839850903e-04
7.720000000000000000e+02 8.850528392940759659e-04
7.730000000000000000e+02 8.846939308568835258e-04
7.740000000000000000e+02 8.843825198709964752e-04
7.750000000000000000e+02 8.841434027999639511e-04
7.760000000000000000e+02 8.839822257868945599e-04
7.770000000000000000e+02 8.840645896270871162e-04
7.780000000000000000e+02 8.844960248097777367e-04
7.790000000000000000e+02 8.862114045768976212e-04
7.800000000000000000e+02 8.897639927454292774e-04
7.810000000000000000e+02 9.008045308291912079e-04
7.820000000000000000e+02 9.129226673394441605e-04
7.830000000000000000e+02 9.453193633817136288e-04
7.840000000000000000e+02 9.190160199068486691e-04
7.850000000000000000e+02 8.976103854365646839e-04
7.860000000000000000e+02 8.822752279229462147e-04
7.870000000000000000e+02 8.916574297472834587e-04
7.880000000000000000e+02 9.066357160918414593e-04
7.890000000000000000e+02 8.942869026213884354e-04
7.900000000000000000e+02 8.836144697852432728e-04
7.910000000000000000e+02 8.795483736321330070e-04
7.920000000000000000e+02 8.831616141833364964e-04
7.930000000000000000e+02 8.864369592629373074e-04
7.940000000000000000e+02 8.820896618999540806e-04
7.950000000000000000e+02 8.784916717559099197e-04
7.960000000000000000e+02 8.788455743342638016e-04
7.970000000000000000e+02 8.801637450233101845e-04
7.980000000000000000e+02 8.800500072538852692e-04
7.990000000000000000e+02 8.779842173680663109e-04
8.000000000000000000e+02 8.767042891122400761e-04
8.010000000000000000e+02 8.768173283897340298e-04
8.020000000000000000e+02 8.772440487518906593e-04
8.030000000000000000e+02 8.771035936661064625e-04
8.040000000000000000e+02 8.761467179283499718e-04
8.050000000000000000e+02 8.752899011597037315e-04
8.060000000000000000e+02 8.748428081162273884e-04
8.070000000000000000e+02 8.747221436351537704e-04
8.080000000000000000e+02 8.746455423533916473e-04
8.090000000000000000e+02 8.743688813410699368e-04
8.100000000000000000e+02 8.739911136217415333e-04
8.110000000000000000e+02 8.735320298001170158e-04
8.120000000000000000e+02 8.731040288694202900e-04
8.130000000000000000e+02 8.727316744625568390e-04
8.140000000000000000e+02 8.724424405954778194e-04
8.150000000000000000e+02 8.721937192603945732e-04
8.160000000000000000e+02 8.719409233890473843e-04
8.170000000000000000e+02 8.716698503121733665e-04
8.180000000000000000e+02 8.713537245057523251e-04
8.190000000000000000e+02 8.710555848665535450e-04
8.200000000000000000e+02 8.707469678483903408e-04
8.210000000000000000e+02 8.704501669853925705e-04
8.220000000000000000e+02 8.701558690518140793e-04
8.230000000000000000e+02 8.698665187694132328e-04
8.240000000000000000e+02 8.695762953720986843e-04
8.250000000000000000e+02 8.693120325915515423e-04
8.260000000000000000e+02 8.690571994520723820e-04
8.270000000000000000e+02 8.687992230989038944e-04
8.280000000000000000e+02 8.685525390319526196e-04
8.290000000000000000e+02 8.683247142471373081e-04
8.300000000000000000e+02 8.681344916112720966e-04
8.310000000000000000e+02 8.680244791321456432e-04
8.320000000000000000e+02 8.680634200572967529e-04
8.330000000000000000e+02 8.684876374900341034e-04
8.340000000000000000e+02 8.694247226230800152e-04
8.350000000000000000e+02 8.719858014956116676e-04
8.360000000000000000e+02 8.759461343288421631e-04
8.370000000000000000e+02 8.858931832946836948e-04
8.380000000000000000e+02 8.919565007090568542e-04
8.390000000000000000e+02 9.046033956110477448e-04
8.400000000000000000e+02 8.883924456313252449e-04
8.410000000000000000e+02 8.742100908420979977e-04
8.420000000000000000e+02 8.660677121952176094e-04
8.430000000000000000e+02 8.698688470758497715e-04
8.440000000000000000e+02 8.783898083493113518e-04
8.450000000000000000e+02 8.792290464043617249e-04
8.460000000000000000e+02 8.791108266450464725e-04
8.470000000000000000e+02 8.705613436177372932e-04
8.480000000000000000e+02 8.651902317069470882e-04
8.490000000000000000e+02 8.640636224299669266e-04
8.500000000000000000e+02 8.658173028379678726e-04
8.510000000000000000e+02 8.671873947605490685e-04
8.520000000000000000e+02 8.659001323394477367e-04
8.530000000000000000e+02 8.641535532660782337e-04
8.540000000000000000e+02 8.627864299342036247e-04
8.550000000000000000e+02 8.624562760815024376e-04
8.560000000000000000e+02 8.627828210592269897e-04
8.570000000000000000e+02 8.629426592960953712e-04
8.580000000000000000e+02 8.626469643786549568e-04
8.590000000000000000e+02 8.619577274657785892e-04
8.600000000000000000e+02 8.613874670118093491e-04
8.610000000000000000e+02 8.611250086687505245e-04
8.620000000000000000e+02 8.610702934674918652e-04
8.630000000000000000e+02 8.610491640865802765e-04
8.640000000000000000e+02 8.609396172687411308e-04
8.650000000000000000e+02 8.607627823948860168e-04
8.660000000000000000e+02 8.604667964391410351e-04
8.670000000000000000e+02 8.601430454291403294e-04
8.680000000000000000e+02 8.598089916631579399e-04
8.690000000000000000e+02 8.595187682658433914e-04
8.700000000000000000e+02 8.593118400312960148e-04
8.710000000000000000e+02 8.591383812017738819e-04
8.720000000000000000e+02 8.589843637309968472e-04
8.730000000000000000e+02 8.588289492763578892e-04
8.740000000000000000e+02 8.586850017309188843e-04
8.750000000000000000e+02 8.585464092902839184e-04
8.760000000000000000e+02 8.584281895309686661e-04
8.770000000000000000e+02 8.583448943682014942e-04
8.780000000000000000e+02 8.583366870880126953e-04
8.790000000000000000e+02 8.583884919062256813e-04
8.800000000000000000e+02 8.586776675656437874e-04
8.810000000000000000e+02 8.591667283326387405e-04
8.820000000000000000e+02 8.603663882240653038e-04
8.830000000000000000e+02 8.618487627245485783e-04
8.840000000000000000e+02 8.652373799122869968e-04
8.850000000000000000e+02 8.678862941451370716e-04
8.860000000000000000e+02 8.740944322198629379e-04
8.870000000000000000e+02 8.733176509849727154e-04
8.880000000000000000e+02 8.740480989217758179e-04
8.890000000000000000e+02 8.653731201775372028e-04
8.900000000000000000e+02 8.591656223870813847e-04
8.910000000000000000e+02 8.559022680856287479e-04
8.920000000000000000e+02 8.563214214518666267e-04
8.930000000000000000e+02 8.587623597122728825e-04
8.940000000000000000e+02 8.612202946096658707e-04
8.950000000000000000e+02 8.648745133541524410e-04
8.960000000000000000e+02 8.651004754938185215e-04
8.970000000000000000e+02 8.655822603031992912e-04
8.980000000000000000e+02 8.605704642832279205e-04
8.990000000000000000e+02 8.564193267375230789e-04
9.000000000000000000e+02 8.543818839825689793e-04
9.010000000000000000e+02 8.548680343665182590e-04
9.020000000000000000e+02 8.565193274989724159e-04
9.030000000000000000e+02 8.577204425819218159e-04
9.040000000000000000e+02 8.589286589995026588e-04
9.050000000000000000e+02 8.582135196775197983e-04
9.060000000000000000e+02 8.574040839448571205e-04
9.070000000000000000e+02 8.553063380531966686e-04
9.080000000000000000e+02 8.537186658941209316e-04
9.090000000000000000e+02 8.528385660611093044e-04
9.100000000000000000e+02 8.526719757355749607e-04
9.110000000000000000e+02 8.528798352926969528e-04
9.120000000000000000e+02 8.531470666639506817e-04
9.130000000000000000e+02 8.534299558959901333e-04
9.140000000000000000e+02 8.535512606613337994e-04
9.150000000000000000e+02 8.537760586477816105e-04
9.160000000000000000e+02 8.535686065442860126e-04
9.170000000000000000e+02 8.533691870979964733e-04
9.180000000000000000e+02 8.528539910912513733e-04
9.190000000000000000e+02 8.525076555088162422e-04
9.200000000000000000e+02 8.521210402250289917e-04
9.210000000000000000e+02 8.519253460690379143e-04
9.220000000000000000e+02 8.517311653122305870e-04
9.230000000000000000e+02 8.517390233464539051e-04
9.240000000000000000e+02 8.517602691426873207e-04
9.250000000000000000e+02 8.520446135662496090e-04
9.260000000000000000e+02 8.522608550265431404e-04
9.270000000000000000e+02 8.530169725418090820e-04
9.280000000000000000e+02 8.537569665350019932e-04
9.290000000000000000e+02 8.559252019040286541e-04
9.300000000000000000e+02 8.577825501561164856e-04
9.310000000000000000e+02 8.626692579127848148e-04
9.320000000000000000e+02 8.639726438559591770e-04
9.330000000000000000e+02 8.679917082190513611e-04
9.340000000000000000e+02 8.621391025371849537e-04
9.350000000000000000e+02 8.574349922128021717e-04
9.360000000000000000e+02 8.512046188116073608e-04
9.370000000000000000e+02 8.485571597702801228e-04
9.380000000000000000e+02 8.488750900141894817e-04
9.390000000000000000e+02 8.507717284373939037e-04
9.400000000000000000e+02 8.537076646462082863e-04
9.410000000000000000e+02 8.556352113373577595e-04
9.420000000000000000e+02 8.586755720898509026e-04
9.430000000000000000e+02 8.566895849071443081e-04
9.440000000000000000e+02 8.542891591787338257e-04
9.450000000000000000e+02 8.497178787365555763e-04
9.460000000000000000e+02 8.473233319818973541e-04
9.470000000000000000e+02 8.472203044220805168e-04
9.480000000000000000e+02 8.484974969178438187e-04
9.490000000000000000e+02 8.503989083692431450e-04
9.500000000000000000e+02 8.515715599060058594e-04
9.510000000000000000e+02 8.532122010365128517e-04
9.520000000000000000e+02 8.523363503627479076e-04
9.530000000000000000e+02 8.513248176313936710e-04
9.540000000000000000e+02 8.484717109240591526e-04
9.550000000000000000e+02 8.464394486509263515e-04
9.560000000000000000e+02 8.454782655462622643e-04
9.570000000000000000e+02 8.454552153125405312e-04
9.580000000000000000e+02 8.458637748844921589e-04
9.590000000000000000e+02 8.463824051432311535e-04
9.600000000000000000e+02 8.471008040942251682e-04
9.610000000000000000e+02 8.476622751913964748e-04
9.620000000000000000e+02 8.486397564411163330e-04
9.630000000000000000e+02 8.487562299706041813e-04
9.640000000000000000e+02 8.493364439345896244e-04
9.650000000000000000e+02 8.486215956509113312e-04
9.660000000000000000e+02 8.484179852530360222e-04
9.670000000000000000e+02 8.474104688502848148e-04
9.680000000000000000e+02 8.470336906611919403e-04
9.690000000000000000e+02 8.461697725579142570e-04
9.700000000000000000e+02 8.458187803626060486e-04
9.710000000000000000e+02 8.452339097857475281e-04
9.720000000000000000e+02 8.450548048131167889e-04
9.730000000000000000e+02 8.447550353594124317e-04
9.740000000000000000e+02 8.448553271591663361e-04
9.750000000000000000e+02 8.447638247162103653e-04
9.760000000000000000e+02 8.451993926428258419e-04
9.770000000000000000e+02 8.454474154859781265e-04
9.780000000000000000e+02 8.464229176752269268e-04
9.790000000000000000e+02 8.469219901598989964e-04
9.800000000000000000e+02 8.488477906212210655e-04
9.810000000000000000e+02 8.495431975461542606e-04
9.820000000000000000e+02 8.521103882230818272e-04
9.830000000000000000e+02 8.513448410667479038e-04
9.840000000000000000e+02 8.521074196323752403e-04
9.850000000000000000e+02 8.485247381031513214e-04
9.860000000000000000e+02 8.459413656964898109e-04
9.870000000000000000e+02 8.425373816862702370e-04
9.880000000000000000e+02 8.406184497289359570e-04
9.890000000000000000e+02 8.398341014981269836e-04
9.900000000000000000e+02 8.398809004575014114e-04
9.910000000000000000e+02 8.404102991335093975e-04
9.920000000000000000e+02 8.411274757236242294e-04
9.930000000000000000e+02 8.422243408858776093e-04
9.940000000000000000e+02 8.430058951489627361e-04
9.950000000000000000e+02 8.444166742265224457e-04
9.960000000000000000e+02 8.443915867246687412e-04
9.970000000000000000e+02 8.448191219940781593e-04
9.980000000000000000e+02 8.434379706159234047e-04
9.990000000000000000e+02 8.426339481957256794e-04
