0.000000000000000000e+00 2.471191787719726562e+01
1.000000000000000000e+00 3.861689567565917969e+00
2.000000000000000000e+00 1.960195899009704590e-01
3.000000000000000000e+00 1.638966798782348633e-02
4.000000000000000000e+00 5.562921985983848572e-03
5.000000000000000000e+00 3.936660010367631912e-03
6.000000000000000000e+00 3.499155864119529724e-03
7.000000000000000000e+00 3.340224735438823700e-03
8.000000000000000000e+00 3.270541783422231674e-03
9.000000000000000000e+00 3.233638359233736992e-03
1.000000000000000000e+01 3.209664719179272652e-03
1.100000000000000000e+01 3.190679242834448814e-03
1.200000000000000000e+01 3.173572244122624397e-03
1.300000000000000000e+01 3.157251514494419098e-03
1.400000000000000000e+01 3.141023218631744385e-03
1.500000000000000000e+01 3.125085961073637009e-03
1.600000000000000000e+01 3.109122626483440399e-03
1.700000000000000000e+01 3.093377221375703812e-03
1.800000000000000000e+01 3.077945206314325333e-03
1.900000000000000000e+01 3.062397474423050880e-03
2.000000000000000000e+01 3.047256264835596085e-03
2.100000000000000000e+01 3.032031934708356857e-03
2.200000000000000000e+01 3.016861621290445328e-03
2.300000000000000000e+01 3.002458252012729645e-03
2.400000000000000000e+01 2.987724030390381813e-03
2.500000000000000000e+01 2.973380964249372482e-03
2.600000000000000000e+01 2.959616482257843018e-03
2.700000000000000000e+01 2.945904619991779327e-03
2.800000000000000000e+01 2.932456089183688164e-03
2.900000000000000000e+01 2.919217571616172791e-03
3.000000000000000000e+01 2.906380454078316689e-03
3.100000000000000000e+01 2.893824595957994461e-03
3.200000000000000000e+01 2.881569555029273033e-03
3.300000000000000000e+01 2.869296818971633911e-03
3.400000000000000000e+01 2.857536310330033302e-03
3.500000000000000000e+01 2.846014918759465218e-03
3.600000000000000000e+01 2.834775950759649277e-03
3.700000000000000000e+01 2.823693212121725082e-03
3.800000000000000000e+01 2.812878694385290146e-03
3.900000000000000000e+01 2.802293282002210617e-03
4.000000000000000000e+01 2.792090410366654396e-03
4.100000000000000000e+01 2.782155061140656471e-03
4.200000000000000000e+01 2.772388979792594910e-03
4.300000000000000000e+01 2.762886928394436836e-03
4.400000000000000000e+01 2.753637731075286865e-03
4.500000000000000000e+01 2.744435332715511322e-03
4.600000000000000000e+01 2.735531190410256386e-03
4.700000000000000000e+01 2.726795151829719543e-03
4.800000000000000000e+01 2.718385308980941772e-03
4.900000000000000000e+01 2.710244385525584221e-03
5.000000000000000000e+01 2.702187513932585716e-03
5.100000000000000000e+01 2.694325055927038193e-03
5.200000000000000000e+01 2.686782972887158394e-03
5.300000000000000000e+01 2.679342404007911682e-03
5.400000000000000000e+01 2.671979367733001709e-03
5.500000000000000000e+01 2.664916915819048882e-03
5.600000000000000000e+01 2.657870063558220863e-03
5.700000000000000000e+01 2.651039510965347290e-03
5.800000000000000000e+01 2.644293475896120071e-03
5.900000000000000000e+01 2.637904603034257889e-03
6.000000000000000000e+01 2.631785348057746887e-03
6.100000000000000000e+01 2.625565510243177414e-03
6.200000000000000000e+01 2.619481645524501801e-03
6.300000000000000000e+01 2.613594289869070053e-03
6.400000000000000000e+01 2.607828937470912933e-03
6.500000000000000000e+01 2.602186752483248711e-03
6.600000000000000000e+01 2.596641890704631805e-03
6.700000000000000000e+01 2.591286320239305496e-03
6.800000000000000000e+01 2.586040878668427467e-03
6.900000000000000000e+01 2.580890432000160217e-03
7.000000000000000000e+01 2.575787715613842010e-03
7.100000000000000000e+01 2.570881042629480362e-03
7.200000000000000000e+01 2.566038398072123528e-03
7.300000000000000000e+01 2.561367582529783249e-03
7.400000000000000000e+01 2.556730993092060089e-03
7.500000000000000000e+01 2.552193123847246170e-03
7.600000000000000000e+01 2.547752577811479568e-03
7.700000000000000000e+01 2.543456386774778366e-03
7.800000000000000000e+01 2.539226785302162170e-03
7.900000000000000000e+01 2.535053761675953865e-03
8.000000000000000000e+01 2.531031146645545959e-03
8.100000000000000000e+01 2.527020871639251709e-03
8.200000000000000000e+01 2.522994065657258034e-03
8.300000000000000000e+01 2.519106259569525719e-03
8.400000000000000000e+01 2.515344647690653801e-03
8.500000000000000000e+01 2.511674771085381508e-03
8.600000000000000000e+01 2.508009783923625946e-03
8.700000000000000000e+01 2.504444448277354240e-03
8.800000000000000000e+01 2.500904724001884460e-03
8.900000000000000000e+01 2.497394336387515068e-03
9.000000000000000000e+01 2.494035055860877037e-03
9.100000000000000000e+01 2.490683458745479584e-03
9.200000000000000000e+01 2.487302757799625397e-03
9.300000000000000000e+01 2.484024967998266220e-03
9.400000000000000000e+01 2.480816096067428589e-03
9.500000000000000000e+01 2.477602567523717880e-03
9.600000000000000000e+01 2.474511507898569107e-03
9.700000000000000000e+01 2.471451414749026299e-03
9.800000000000000000e+01 2.468429505825042725e-03
9.900000000000000000e+01 2.465432975441217422e-03
1.000000000000000000e+02 2.462524455040693283e-03
1.010000000000000000e+02 2.459628041833639145e-03
1.020000000000000000e+02 2.456703223288059235e-03
1.030000000000000000e+02 2.453801687806844711e-03
1.040000000000000000e+02 2.450915519148111343e-03
1.050000000000000000e+02 2.448044018819928169e-03
1.060000000000000000e+02 2.445177873596549034e-03
1.070000000000000000e+02 2.442388329654932022e-03
1.080000000000000000e+02 2.439629752188920975e-03
1.090000000000000000e+02 2.436837181448936462e-03
1.100000000000000000e+02 2.434042049571871758e-03
1.110000000000000000e+02 2.431245055049657822e-03
1.120000000000000000e+02 2.428479259833693504e-03
1.130000000000000000e+02 2.425666432827711105e-03
1.140000000000000000e+02 2.422834280878305435e-03
1.150000000000000000e+02 2.419995609670877457e-03
1.160000000000000000e+02 2.417158801108598709e-03
1.170000000000000000e+02 2.414251444861292839e-03
1.180000000000000000e+02 2.411327557638287544e-03
1.190000000000000000e+02 2.408332424238324165e-03
1.200000000000000000e+02 2.405324252322316170e-03
1.210000000000000000e+02 2.402259968221187592e-03
1.220000000000000000e+02 2.399080665782094002e-03
1.230000000000000000e+02 2.395829884335398674e-03
1.240000000000000000e+02 2.392538124695420265e-03
1.250000000000000000e+02 2.389121102169156075e-03
1.260000000000000000e+02 2.385553671047091484e-03
1.270000000000000000e+02 2.381892409175634384e-03
1.280000000000000000e+02 2.377995057031512260e-03
1.290000000000000000e+02 2.373963827267289162e-03
1.300000000000000000e+02 2.369686262682080269e-03
1.310000000000000000e+02 2.365171909332275391e-03
1.320000000000000000e+02 2.360457787290215492e-03
1.330000000000000000e+02 2.355359960347414017e-03
1.340000000000000000e+02 2.349952934309840202e-03
1.350000000000000000e+02 2.344094915315508842e-03
1.360000000000000000e+02 2.337738871574401855e-03
1.370000000000000000e+02 2.330962801352143288e-03
1.380000000000000000e+02 2.323612105101346970e-03
1.390000000000000000e+02 2.315577119588851929e-03
1.400000000000000000e+02 2.306771930307149887e-03
1.410000000000000000e+02 2.297138096764683723e-03
1.420000000000000000e+02 2.286671195179224014e-03
1.430000000000000000e+02 2.275011735036969185e-03
1.440000000000000000e+02 2.262204186990857124e-03
1.450000000000000000e+02 2.248272532597184181e-03
1.460000000000000000e+02 2.233030041679739952e-03
1.470000000000000000e+02 2.216330030933022499e-03
1.480000000000000000e+02 2.198285656049847603e-03
1.490000000000000000e+02 2.178908092901110649e-03
1.500000000000000000e+02 2.158067421987652779e-03
1.510000000000000000e+02 2.135901479050517082e-03
1.520000000000000000e+02 2.112472662702202797e-03
1.530000000000000000e+02 2.087505068629980087e-03
1.540000000000000000e+02 2.061191713437438011e-03
1.550000000000000000e+02 2.033526776358485222e-03
1.560000000000000000e+02 2.004270907491445541e-03
1.570000000000000000e+02 1.973658567294478416e-03
1.580000000000000000e+02 1.941832480952143669e-03
1.590000000000000000e+02 1.908761798404157162e-03
1.600000000000000000e+02 1.874722656793892384e-03
1.610000000000000000e+02 1.840135548263788223e-03
1.620000000000000000e+02 1.804892439395189285e-03
1.630000000000000000e+02 1.769645255990326405e-03
1.640000000000000000e+02 1.734006335027515888e-03
1.650000000000000000e+02 1.698730397038161755e-03
1.660000000000000000e+02 1.663683680817484856e-03
1.670000000000000000e+02 1.629167469218373299e-03
1.680000000000000000e+02 1.595463836565613747e-03
1.690000000000000000e+02 1.562366029247641563e-03
1.700000000000000000e+02 1.530250883661210537e-03
1.710000000000000000e+02 1.498902682214975357e-03
1.720000000000000000e+02 1.468692789785563946e-03
1.730000000000000000e+02 1.439412240870296955e-03
1.740000000000000000e+02 1.411144621670246124e-03
1.750000000000000000e+02 1.383888069540262222e-03
1.760000000000000000e+02 1.357604283839464188e-03
1.770000000000000000e+02 1.332288607954978943e-03
1.780000000000000000e+02 1.307861064560711384e-03
1.790000000000000000e+02 1.284548430703580379e-03
1.800000000000000000e+02 1.261991215869784355e-03
1.810000000000000000e+02 1.240412937477231026e-03
1.820000000000000000e+02 1.219511497765779495e-03
1.830000000000000000e+02 1.199434511363506317e-03
1.840000000000000000e+02 1.180103514343500137e-03
1.850000000000000000e+02 1.161533524282276630e-03
1.860000000000000000e+02 1.143679837696254253e-03
1.870000000000000000e+02 1.126361428759992123e-03
1.880000000000000000e+02 1.109724165871739388e-03
1.890000000000000000e+02 1.093573519028723240e-03
1.900000000000000000e+02 1.078073401004076004e-03
1.910000000000000000e+02 1.063023577444255352e-03
1.920000000000000000e+02 1.048502163030207157e-03
1.930000000000000000e+02 1.034500310197472572e-03
1.940000000000000000e+02 1.020815921947360039e-03
1.950000000000000000e+02 1.007554354146122932e-03
1.960000000000000000e+02 9.946381906047463417e-04
1.970000000000000000e+02 9.822064312174916267e-04
1.980000000000000000e+02 9.700339869596064091e-04
1.990000000000000000e+02 9.581614285707473755e-04
2.000000000000000000e+02 9.465915500186383724e-04
2.010000000000000000e+02 9.352972847409546375e-04
2.020000000000000000e+02 9.243516251444816589e-04
2.030000000000000000e+02 9.136711014434695244e-04
2.040000000000000000e+02 9.031081572175025940e-04
2.050000000000000000e+02 8.929142495617270470e-04
2.060000000000000000e+02 8.829028811305761337e-04
2.070000000000000000e+02 8.731614798307418823e-04
2.080000000000000000e+02 8.635116391815245152e-04
2.090000000000000000e+02 8.540536509826779366e-04
2.100000000000000000e+02 8.448677835986018181e-04
2.110000000000000000e+02 8.357462356798350811e-04
2.120000000000000000e+02 8.269697427749633789e-04
2.130000000000000000e+02 8.182543679140508175e-04
2.140000000000000000e+02 8.097242680378258228e-04
2.150000000000000000e+02 8.013887563720345497e-04
2.160000000000000000e+02 7.930941646918654442e-04
2.170000000000000000e+02 7.850604015402495861e-04
2.180000000000000000e+02 7.771220407448709011e-04
2.190000000000000000e+02 7.692901999689638615e-04
2.200000000000000000e+02 7.615764043293893337e-04
2.210000000000000000e+02 7.540018414147198200e-04
2.220000000000000000e+02 7.465608068741858006e-04
2.230000000000000000e+02 7.392731495201587677e-04
2.240000000000000000e+02 7.320991135202348232e-04
2.250000000000000000e+02 7.249829941429197788e-04
2.260000000000000000e+02 7.180366665124893188e-04
2.270000000000000000e+02 7.111787563189864159e-04
2.280000000000000000e+02 7.043684599921107292e-04
2.290000000000000000e+02 6.977158482186496258e-04
2.300000000000000000e+02 6.911449600011110306e-04
2.310000000000000000e+02 6.846703472547233105e-04
2.320000000000000000e+02 6.782843847759068012e-04
2.330000000000000000e+02 6.719931843690574169e-04
2.340000000000000000e+02 6.657384219579398632e-04
2.350000000000000000e+02 6.596466409973800182e-04
2.360000000000000000e+02 6.535848369821906090e-04
2.370000000000000000e+02 6.476636626757681370e-04
2.380000000000000000e+02 6.417426047846674919e-04
2.390000000000000000e+02 6.359467515721917152e-04
2.400000000000000000e+02 6.301736575551331043e-04
2.410000000000000000e+02 6.245335680432617664e-04
2.420000000000000000e+02 6.189182167872786522e-04
2.430000000000000000e+02 6.134243449196219444e-04
2.440000000000000000e+02 6.079038139432668686e-04
2.450000000000000000e+02 6.025095353834331036e-04
2.460000000000000000e+02 5.972051294520497322e-04
2.470000000000000000e+02 5.919364630244672298e-04
2.480000000000000000e+02 5.866748979315161705e-04
2.490000000000000000e+02 5.815251497551798820e-04
2.500000000000000000e+02 5.764515371993184090e-04
2.510000000000000000e+02 5.714435828849673271e-04
2.520000000000000000e+02 5.664721247740089893e-04
2.530000000000000000e+02 5.615254049189388752e-04
2.540000000000000000e+02 5.566705367527902126e-04
2.550000000000000000e+02 5.518559482879936695e-04
2.560000000000000000e+02 5.470904288813471794e-04
2.570000000000000000e+02 5.423890543170273304e-04
2.580000000000000000e+02 5.376908229663968086e-04
2.590000000000000000e+02 5.330446874722838402e-04
2.600000000000000000e+02 5.285089137032628059e-04
2.610000000000000000e+02 5.239497404545545578e-04
2.620000000000000000e+02 5.194835248403251171e-04
2.630000000000000000e+02 5.150064826011657715e-04
2.640000000000000000e+02 5.105902673676609993e-04
2.650000000000000000e+02 5.062757409177720547e-04
2.660000000000000000e+02 5.019748932681977749e-04
2.670000000000000000e+02 4.977278877049684525e-04
2.680000000000000000e+02 4.934837925247848034e-04
2.690000000000000000e+02 4.892648430541157722e-04
2.700000000000000000e+02 4.850767145399004221e-04
2.710000000000000000e+02 4.810219688806682825e-04
2.720000000000000000e+02 4.769167280755937099e-04
2.730000000000000000e+02 4.728937929030507803e-04
2.740000000000000000e+02 4.688655899371951818e-04
2.750000000000000000e+02 4.649451293516904116e-04
2.760000000000000000e+02 4.610203322954475880e-04
2.770000000000000000e+02 4.571067402139306068e-04
2.780000000000000000e+02 4.532375023700296879e-04
2.790000000000000000e+02 4.494015884120017290e-04
2.800000000000000000e+02 4.456039459910243750e-04
2.810000000000000000e+02 4.418276948854327202e-04
2.820000000000000000e+02 4.381031903903931379e-04
2.830000000000000000e+02 4.344203625805675983e-04
2.840000000000000000e+02 4.307352646719664335e-04
2.850000000000000000e+02 4.271362558938562870e-04
2.860000000000000000e+02 4.235146043356508017e-04
2.870000000000000000e+02 4.199565155431628227e-04
2.880000000000000000e+02 4.164121055509895086e-04
2.890000000000000000e+02 4.129179287701845169e-04
2.900000000000000000e+02 4.094041942153126001e-04
2.910000000000000000e+02 4.059366474393755198e-04
2.920000000000000000e+02 4.024810041300952435e-04
2.930000000000000000e+02 3.990907280240207911e-04
2.940000000000000000e+02 3.957141016144305468e-04
2.950000000000000000e+02 3.923506592400372028e-04
2.960000000000000000e+02 3.889961226377636194e-04
2.970000000000000000e+02 3.857187402900308371e-04
2.980000000000000000e+02 3.824379236903041601e-04
2.990000000000000000e+02 3.792030620388686657e-04
3.000000000000000000e+02 3.759702667593955994e-04
3.010000000000000000e+02 3.727617731783539057e-04
3.020000000000000000e+02 3.695918130688369274e-04
3.030000000000000000e+02 3.664860560093075037e-04
3.040000000000000000e+02 3.633412998169660568e-04
3.050000000000000000e+02 3.602514916565269232e-04
3.060000000000000000e+02 3.571569104678928852e-04
3.070000000000000000e+02 3.540730394888669252e-04
3.080000000000000000e+02 3.510619571898132563e-04
3.090000000000000000e+02 3.480685991235077381e-04
3.100000000000000000e+02 3.450355143286287785e-04
3.110000000000000000e+02 3.420810098759829998e-04
3.120000000000000000e+02 3.391635837033390999e-04
3.130000000000000000e+02 3.362198476679623127e-04
3.140000000000000000e+02 3.333425265736877918e-04
3.150000000000000000e+02 3.304676210973411798e-04
3.160000000000000000e+02 3.275974304415285587e-04
3.170000000000000000e+02 3.247682761866599321e-04
3.180000000000000000e+02 3.219553036615252495e-04
3.190000000000000000e+02 3.191756259184330702e-04
3.200000000000000000e+02 3.163980436511337757e-04
3.210000000000000000e+02 3.135893493890762329e-04
3.220000000000000000e+02 3.109099634457379580e-04
3.230000000000000000e+02 3.081923059653490782e-04
3.240000000000000000e+02 3.054686821997165680e-04
3.250000000000000000e+02 3.028343780897557735e-04
3.260000000000000000e+02 3.001365694217383862e-04
3.270000000000000000e+02 2.975137322209775448e-04
3.280000000000000000e+02 2.949041081592440605e-04
3.290000000000000000e+02 2.922994317486882210e-04
3.300000000000000000e+02 2.897300000768154860e-04
3.310000000000000000e+02 2.871602773666381836e-04
3.320000000000000000e+02 2.846232091542333364e-04
3.330000000000000000e+02 2.820883528329432011e-04
3.340000000000000000e+02 2.795542532112449408e-04
3.350000000000000000e+02 2.771184663288295269e-04
3.360000000000000000e+02 2.746279351413249969e-04
3.370000000000000000e+02 2.721941855270415545e-04
3.380000000000000000e+02 2.697278687264770269e-04
3.390000000000000000e+02 2.673141425475478172e-04
3.400000000000000000e+02 2.649257075972855091e-04
3.410000000000000000e+02 2.625175402499735355e-04
3.420000000000000000e+02 2.601676969788968563e-04
3.430000000000000000e+02 2.578049025032669306e-04
3.440000000000000000e+02 2.554818056523799896e-04
3.450000000000000000e+02 2.531504433136433363e-04
3.460000000000000000e+02 2.508969337213784456e-04
3.470000000000000000e+02 2.486033190507441759e-04
3.480000000000000000e+02 2.463374112267047167e-04
3.490000000000000000e+02 2.440730022499337792e-04
3.500000000000000000e+02 2.418253861833363771e-04
3.510000000000000000e+02 2.396059862803667784e-04
3.520000000000000000e+02 2.374244941165670753e-04
3.530000000000000000e+02 2.352655574213713408e-04
3.540000000000000000e+02 2.330558927496895194e-04
3.550000000000000000e+02 2.309212723048403859e-04
3.560000000000000000e+02 2.287641109433025122e-04
3.570000000000000000e+02 2.266356023028492928e-04
3.580000000000000000e+02 2.245104260509833694e-04
3.590000000000000000e+02 2.224780182586982846e-04
3.600000000000000000e+02 2.203831827500835061e-04
3.610000000000000000e+02 2.183140022680163383e-04
3.620000000000000000e+02 2.162786840926855803e-04
3.630000000000000000e+02 2.142461744369938970e-04
3.640000000000000000e+02 2.122340374626219273e-04
3.650000000000000000e+02 2.102542784996330738e-04
3.660000000000000000e+02 2.082367282127961516e-04
3.670000000000000000e+02 2.062667481368407607e-04
3.680000000000000000e+02 2.043120330199599266e-04
3.690000000000000000e+02 2.023698325501754880e-04
3.700000000000000000e+02 2.004608395509421825e-04
3.710000000000000000e+02 1.985133567359298468e-04
3.720000000000000000e+02 1.966371055459603667e-04
3.730000000000000000e+02 1.947813871083781123e-04
3.740000000000000000e+02 1.928811689140275121e-04
3.750000000000000000e+02 1.910694700200110674e-04
3.760000000000000000e+02 1.892447617137804627e-04
3.770000000000000000e+02 1.874729059636592865e-04
3.780000000000000000e+02 1.856765156844630837e-04
3.790000000000000000e+02 1.840187469497323036e-04
3.800000000000000000e+02 1.825080689741298556e-04
3.810000000000000000e+02 1.814770657802000642e-04
3.820000000000000000e+02 1.814474380807951093e-04
3.830000000000000000e+02 1.844548678491264582e-04
3.840000000000000000e+02 1.937320339493453503e-04
3.850000000000000000e+02 2.248466043965891004e-04
3.860000000000000000e+02 2.863204281311482191e-04
3.870000000000000000e+02 4.615862562786787748e-04
3.880000000000000000e+02 4.596096114255487919e-04
3.890000000000000000e+02 6.436436669901013374e-04
3.900000000000000000e+02 2.992739609908312559e-04
3.910000000000000000e+02 2.557340194471180439e-04
3.920000000000000000e+02 2.368875138927251101e-04
3.930000000000000000e+02 2.624883782118558884e-04
3.940000000000000000e+02 2.730434935074299574e-04
3.950000000000000000e+02 3.389964695088565350e-04
3.960000000000000000e+02 3.228844143450260162e-04
3.970000000000000000e+02 3.881330776493996382e-04
3.980000000000000000e+02 3.118897147942334414e-04
3.990000000000000000e+02 3.323353303130716085e-04
4.000000000000000000e+02 2.778691996354609728e-04
4.010000000000000000e+02 2.919223043136298656e-04
4.020000000000000000e+02 2.606648486107587814e-04
4.030000000000000000e+02 2.800619404297322035e-04
4.040000000000000000e+02 2.578334242571145296e-04
4.050000000000000000e+02 2.818739449139684439e-04
4.060000000000000000e+02 2.600009029265493155e-04
4.070000000000000000e+02 2.852048783097416162e-04
4.080000000000000000e+02 2.603990724310278893e-04
4.090000000000000000e+02 2.835709601640701294e-04
4.100000000000000000e+02 2.574384270701557398e-04
4.110000000000000000e+02 2.792087907437235117e-04
4.120000000000000000e+02 2.546513860579580069e-04
4.130000000000000000e+02 2.771758590824902058e-04
4.140000000000000000e+02 2.534985251259058714e-04
4.150000000000000000e+02 2.762987278401851654e-04
4.160000000000000000e+02 2.526732278056442738e-04
4.170000000000000000e+02 2.754610613919794559e-04
4.180000000000000000e+02 2.510981285013258457e-04
4.190000000000000000e+02 2.730425039771944284e-04
4.200000000000000000e+02 2.490264014340937138e-04
4.210000000000000000e+02 2.709343971218913794e-04
4.220000000000000000e+02 2.475655637681484222e-04
4.230000000000000000e+02 2.696422452572733164e-04
4.240000000000000000e+02 2.466740843374282122e-04
4.250000000000000000e+02 2.693585411179810762e-04
4.260000000000000000e+02 2.464830758981406689e-04
4.270000000000000000e+02 2.695416333153843880e-04
4.280000000000000000e+02 2.459875249769538641e-04
4.290000000000000000e+02 2.685750368982553482e-04
4.300000000000000000e+02 2.445990103296935558e-04
4.310000000000000000e+02 2.665758656803518534e-04
4.320000000000000000e+02 2.426771679893136024e-04
4.330000000000000000e+02 2.642007020767778158e-04
4.340000000000000000e+02 2.410518791293725371e-04
4.350000000000000000e+02 2.634106203913688660e-04
4.360000000000000000e+02 2.412072790320962667e-04
4.370000000000000000e+02 2.643435727804899216e-04
4.380000000000000000e+02 2.410855377092957497e-04
4.390000000000000000e+02 2.635519776958972216e-04
4.400000000000000000e+02 2.392665046500042081e-04
4.410000000000000000e+02 2.603980829007923603e-04
4.420000000000000000e+02 2.370783040532842278e-04
4.430000000000000000e+02 2.587558119557797909e-04
4.440000000000000000e+02 2.363722596783190966e-04
4.450000000000000000e+02 2.584701287560164928e-04
4.460000000000000000e+02 2.358962810831144452e-04
4.470000000000000000e+02 2.582217857707291842e-04
4.480000000000000000e+02 2.359009959036484361e-04
4.490000000000000000e+02 2.584478643257170916e-04
4.500000000000000000e+02 2.348003472434356809e-04
4.510000000000000000e+02 2.561121364124119282e-04
4.520000000000000000e+02 2.327839320059865713e-04
4.530000000000000000e+02 2.537995169404894114e-04
4.540000000000000000e+02 2.309638657607138157e-04
4.550000000000000000e+02 2.520443813409656286e-04
4.560000000000000000e+02 2.301228087162598968e-04
4.570000000000000000e+02 2.513855288270860910e-04
4.580000000000000000e+02 2.292172866873443127e-04
4.590000000000000000e+02 2.505321754142642021e-04
4.600000000000000000e+02 2.285253140144050121e-04
4.610000000000000000e+02 2.498580142855644226e-04
4.620000000000000000e+02 2.278015454066917300e-04
4.630000000000000000e+02 2.492034400347620249e-04
4.640000000000000000e+02 2.273166319355368614e-04
4.650000000000000000e+02 2.484507858753204346e-04
4.660000000000000000e+02 2.260210894746705890e-04
4.670000000000000000e+02 2.463729178998619318e-04
4.680000000000000000e+02 2.241094771306961775e-04
4.690000000000000000e+02 2.441443211864680052e-04
4.700000000000000000e+02 2.225264761364087462e-04
4.710000000000000000e+02 2.426832361379638314e-04
4.720000000000000000e+02 2.217433066107332706e-04
4.730000000000000000e+02 2.423264813842251897e-04
4.740000000000000000e+02 2.210301172453910112e-04
4.750000000000000000e+02 2.409431617707014084e-04
4.760000000000000000e+02 2.194860280724242330e-04
4.770000000000000000e+02 2.390984591329470277e-04
4.780000000000000000e+02 2.184518525609746575e-04
4.790000000000000000e+02 2.386050764471292496e-04
4.800000000000000000e+02 2.179337898269295692e-04
4.810000000000000000e+02 2.379504439886659384e-04
4.820000000000000000e+02 2.172424137825146317e-04
4.830000000000000000e+02 2.366954722674563527e-04
4.840000000000000000e+02 2.155789843527600169e-04
4.850000000000000000e+02 2.345712273381650448e-04
4.860000000000000000e+02 2.140018477803096175e-04
4.870000000000000000e+02 2.329995913896709681e-04
4.880000000000000000e+02 2.134629903594031930e-04
4.890000000000000000e+02 2.334189193788915873e-04
4.900000000000000000e+02 2.135707327397540212e-04
4.910000000000000000e+02 2.333387965336441994e-04
4.920000000000000000e+02 2.129595377482473850e-04
4.930000000000000000e+02 2.321198116987943649e-04
4.940000000000000000e+02 2.111760986736044288e-04
4.950000000000000000e+02 2.289617987116798759e-04
4.960000000000000000e+02 2.086103049805387855e-04
4.970000000000000000e+02 2.269266260555014014e-04
4.980000000000000000e+02 2.081140264635905623e-04
4.990000000000000000e+02 2.271842095069587231e-04
5.000000000000000000e+02 2.080113627016544342e-04
5.010000000000000000e+02 1.948048942722380161e-03
5.020000000000000000e+02 1.821037614718079567e-03
5.030000000000000000e+02 1.727586495690047741e-03
5.040000000000000000e+02 1.643087365664541721e-03
5.050000000000000000e+02 1.557990442961454391e-03
5.060000000000000000e+02 1.470392453484237194e-03
5.070000000000000000e+02 1.384777366183698177e-03
5.080000000000000000e+02 1.307862810790538788e-03
5.090000000000000000e+02 1.245296676643192768e-03
5.100000000000000000e+02 1.196839031763374805e-03
5.110000000000000000e+02 1.156931044533848763e-03
5.120000000000000000e+02 1.120958477258682251e-03
5.130000000000000000e+02 1.090390025638043880e-03
5.140000000000000000e+02 1.068336539901793003e-03
5.150000000000000000e+02 1.053055748343467712e-03
5.160000000000000000e+02 1.039490685798227787e-03
5.170000000000000000e+02 1.024937024340033531e-03
5.180000000000000000e+02 1.010484877042472363e-03
5.190000000000000000e+02 9.975509019568562508e-04
5.200000000000000000e+02 9.859725832939147949e-04
5.210000000000000000e+02 9.748373413458466530e-04
5.220000000000000000e+02 9.646500693634152412e-04
5.230000000000000000e+02 9.563787607476115227e-04
5.240000000000000000e+02 9.497844148427248001e-04
5.250000000000000000e+02 9.438598062843084335e-04
5.260000000000000000e+02 9.383333381265401840e-04
5.270000000000000000e+02 9.333662455901503563e-04
5.280000000000000000e+02 9.289795416407287121e-04
5.290000000000000000e+02 9.247806738130748272e-04
5.300000000000000000e+02 9.208513074554502964e-04
5.310000000000000000e+02 9.173823636956512928e-04
5.320000000000000000e+02 9.142729104496538639e-04
5.330000000000000000e+02 9.112834231927990913e-04
5.340000000000000000e+02 9.084725170396268368e-04
5.350000000000000000e+02 9.058604482561349869e-04
5.360000000000000000e+02 9.033512324094772339e-04
5.370000000000000000e+02 9.009117493405938148e-04
5.380000000000000000e+02 8.985924650914967060e-04
5.390000000000000000e+02 8.963649743236601353e-04
5.400000000000000000e+02 8.941643754951655865e-04
5.410000000000000000e+02 8.920278050936758518e-04
5.420000000000000000e+02 8.899205131456255913e-04
5.430000000000000000e+02 8.878856897354125977e-04
5.440000000000000000e+02 8.859033114276826382e-04
5.450000000000000000e+02 8.839815272949635983e-04
5.460000000000000000e+02 8.821593364700675011e-04
5.470000000000000000e+02 8.803470409475266933e-04
5.480000000000000000e+02 8.785928948782384396e-04
5.490000000000000000e+02 8.768644765950739384e-04
5.500000000000000000e+02 8.751970017328858376e-04
5.510000000000000000e+02 8.735758019611239433e-04
5.520000000000000000e+02 8.719911566004157066e-04
5.530000000000000000e+02 8.704458596184849739e-04
5.540000000000000000e+02 8.689459064044058323e-04
5.550000000000000000e+02 8.674921118654310703e-04
5.560000000000000000e+02 8.660575840622186661e-04
5.570000000000000000e+02 8.646909845992922783e-04
5.580000000000000000e+02 8.633467368781566620e-04
5.590000000000000000e+02 8.620269363746047020e-04
5.600000000000000000e+02 8.607535273768007755e-04
5.610000000000000000e+02 8.595136459916830063e-04
5.620000000000000000e+02 8.583025191910564899e-04
5.630000000000000000e+02 8.571131038479506969e-04
5.640000000000000000e+02 8.559676352888345718e-04
5.650000000000000000e+02 8.548508048988878727e-04
5.660000000000000000e+02 8.537566754966974258e-04
5.670000000000000000e+02 8.526907186023890972e-04
5.680000000000000000e+02 8.516379166394472122e-04
5.690000000000000000e+02 8.506304584443569183e-04
5.700000000000000000e+02 8.496310329064726830e-04
5.710000000000000000e+02 8.486835868097841740e-04
5.720000000000000000e+02 8.477370138280093670e-04
5.730000000000000000e+02 8.468140149489045143e-04
5.740000000000000000e+02 8.459258242510259151e-04
5.750000000000000000e+02 8.450488676317036152e-04
5.760000000000000000e+02 8.441929239779710770e-04
5.770000000000000000e+02 8.433668990619480610e-04
5.780000000000000000e+02 8.425402920693159103e-04
5.790000000000000000e+02 8.417409262619912624e-04
5.800000000000000000e+02 8.409671136178076267e-04
5.810000000000000000e+02 8.402154780924320221e-04
5.820000000000000000e+02 8.394673932343721390e-04
5.830000000000000000e+02 8.387468988075852394e-04
5.840000000000000000e+02 8.380279759876430035e-04
5.850000000000000000e+02 8.373464806936681271e-04
5.860000000000000000e+02 8.366660331375896931e-04
5.870000000000000000e+02 8.360068313777446747e-04
5.880000000000000000e+02 8.353643352165818214e-04
5.890000000000000000e+02 8.347337134182453156e-04
5.900000000000000000e+02 8.341080392710864544e-04
5.910000000000000000e+02 8.335078018717467785e-04
5.920000000000000000e+02 8.329231641255319118e-04
5.930000000000000000e+02 8.323345100507140160e-04
5.940000000000000000e+02 8.317682659253478050e-04
5.950000000000000000e+02 8.312048739753663540e-04
5.960000000000000000e+02 8.306617382913827896e-04
5.970000000000000000e+02 8.301282068714499474e-04
5.980000000000000000e+02 8.296053274534642696e-04
5.990000000000000000e+02 8.291004924103617668e-04
6.000000000000000000e+02 8.285829098895192146e-04
6.010000000000000000e+02 8.280921028926968575e-04
6.020000000000000000e+02 8.276145672425627708e-04
6.030000000000000000e+02 8.271334809251129627e-04
6.040000000000000000e+02 8.266716031357645988e-04
6.050000000000000000e+02 8.262098417617380619e-04
6.060000000000000000e+02 8.257509325630962849e-04
6.070000000000000000e+02 8.253051200881600380e-04
6.080000000000000000e+02 8.248683880083262920e-04
6.090000000000000000e+02 8.244367199949920177e-04
6.100000000000000000e+02 8.240104652941226959e-04
6.110000000000000000e+02 8.235935820266604424e-04
6.120000000000000000e+02 8.231855463236570358e-04
6.130000000000000000e+02 8.227743091993033886e-04
6.140000000000000000e+02 8.223744807764887810e-04
6.150000000000000000e+02 8.219782612286508083e-04
6.160000000000000000e+02 8.215838461183011532e-04
6.170000000000000000e+02 8.211983949877321720e-04
6.180000000000000000e+02 8.208149811252951622e-04
6.190000000000000000e+02 8.204440819099545479e-04
6.200000000000000000e+02 8.200648589991033077e-04
6.210000000000000000e+02 8.196966373361647129e-04
6.220000000000000000e+02 8.193239918909966946e-04
6.230000000000000000e+02 8.189593208953738213e-04
6.240000000000000000e+02 8.185981423594057560e-04
6.250000000000000000e+02 8.182440069504082203e-04
6.260000000000000000e+02 8.178888820111751556e-04
6.270000000000000000e+02 8.175314287655055523e-04
6.280000000000000000e+02 8.171712397597730160e-04
6.290000000000000000e+02 8.168289787136018276e-04
6.300000000000000000e+02 8.164844475686550140e-04
6.310000000000000000e+02 8.161335135810077190e-04
6.320000000000000000e+02 8.157783886417746544e-04
6.330000000000000000e+02 8.154360693879425526e-04
6.340000000000000000e+02 8.150868816301226616e-04
6.350000000000000000e+02 8.147442131303250790e-04
6.360000000000000000e+02 8.143961313180625439e-04
6.370000000000000000e+02 8.140461868606507778e-04
6.380000000000000000e+02 8.136989781633019447e-04
6.390000000000000000e+02 8.133562514558434486e-04
6.400000000000000000e+02 8.130022906698286533e-04
6.410000000000000000e+02 8.126524626277387142e-04
6.420000000000000000e+02 8.123004809021949768e-04
6.430000000000000000e+02 8.119406411424279213e-04
6.440000000000000000e+02 8.115867967717349529e-04
6.450000000000000000e+02 8.112223586067557335e-04
6.460000000000000000e+02 8.108509355224668980e-04
6.470000000000000000e+02 8.104801527224481106e-04
6.480000000000000000e+02 8.101037237793207169e-04
6.490000000000000000e+02 8.097331738099455833e-04
6.500000000000000000e+02 8.093405631370842457e-04
6.510000000000000000e+02 8.089421899057924747e-04
6.520000000000000000e+02 8.085374138318002224e-04
6.530000000000000000e+02 8.081260020844638348e-04
6.540000000000000000e+02 8.077015518210828304e-04
6.550000000000000000e+02 8.072704658843576908e-04
6.560000000000000000e+02 8.068131865002214909e-04
6.570000000000000000e+02 8.063566638156771660e-04
6.580000000000000000e+02 8.058882085606455803e-04
6.590000000000000000e+02 8.053929195739328861e-04
6.600000000000000000e+02 8.048888994380831718e-04
6.610000000000000000e+02 8.043472189456224442e-04
6.620000000000000000e+02 8.037946536205708981e-04
6.630000000000000000e+02 8.032179321162402630e-04
6.640000000000000000e+02 8.026174618862569332e-04
6.650000000000000000e+02 8.019837550818920135e-04
6.660000000000000000e+02 8.013147744350135326e-04
6.670000000000000000e+02 8.006123243831098080e-04
6.680000000000000000e+02 7.998946821317076683e-04
6.690000000000000000e+02 7.991272141225636005e-04
6.700000000000000000e+02 7.983186515048146248e-04
6.710000000000000000e+02 7.974655018188059330e-04
6.720000000000000000e+02 7.965905824676156044e-04
6.730000000000000000e+02 7.956704357638955116e-04
6.740000000000000000e+02 7.947181002236902714e-04
6.750000000000000000e+02 7.937301998026669025e-04
6.760000000000000000e+02 7.927211117930710316e-04
6.770000000000000000e+02 7.917084731161594391e-04
6.780000000000000000e+02 7.906798273324966431e-04
6.790000000000000000e+02 7.896600873209536076e-04
6.800000000000000000e+02 7.886545499786734581e-04
6.810000000000000000e+02 7.876575691625475883e-04
6.820000000000000000e+02 7.866726373322308064e-04
6.830000000000000000e+02 7.857018499635159969e-04
6.840000000000000000e+02 7.847350207157433033e-04
6.850000000000000000e+02 7.837503799237310886e-04
6.860000000000000000e+02 7.827377412468194962e-04
6.870000000000000000e+02 7.816730649210512638e-04
6.880000000000000000e+02 7.805640343576669693e-04
6.890000000000000000e+02 7.794098928570747375e-04
6.900000000000000000e+02 7.781937601976096630e-04
6.910000000000000000e+02 7.769364747218787670e-04
6.920000000000000000e+02 7.756199338473379612e-04
6.930000000000000000e+02 7.742699817754328251e-04
6.940000000000000000e+02 7.728836499154567719e-04
6.950000000000000000e+02 7.714756648056209087e-04
6.960000000000000000e+02 7.700255373492836952e-04
6.970000000000000000e+02 7.685686578042805195e-04
6.980000000000000000e+02 7.670945487916469574e-04
6.990000000000000000e+02 7.656275993213057518e-04
7.000000000000000000e+02 7.641694392077624798e-04
7.010000000000000000e+02 7.627537706866860390e-04
7.020000000000000000e+02 7.613826892338693142e-04
7.030000000000000000e+02 7.600584649480879307e-04
7.040000000000000000e+02 7.588117150589823723e-04
7.050000000000000000e+02 7.576203206554055214e-04
7.060000000000000000e+02 7.565140840597450733e-04
7.070000000000000000e+02 7.554782787337899208e-04
7.080000000000000000e+02 7.545118569396436214e-04
7.090000000000000000e+02 7.536177290603518486e-04
7.100000000000000000e+02 7.527735433541238308e-04
7.110000000000000000e+02 7.520103245042264462e-04
7.120000000000000000e+02 7.512897136621177197e-04
7.130000000000000000e+02 7.506266701966524124e-04
7.140000000000000000e+02 7.500011706724762917e-04
7.150000000000000000e+02 7.494175806641578674e-04
7.160000000000000000e+02 7.488615228794515133e-04
7.170000000000000000e+02 7.483210065402090549e-04
7.180000000000000000e+02 7.478157058358192444e-04
7.190000000000000000e+02 7.473171572200953960e-04
7.200000000000000000e+02 7.468381663784384727e-04
7.210000000000000000e+02 7.463793735951185226e-04
7.220000000000000000e+02 7.459279149770736694e-04
7.230000000000000000e+02 7.454873411916196346e-04
7.240000000000000000e+02 7.450441480614244938e-04
7.250000000000000000e+02 7.446241797879338264e-04
7.260000000000000000e+02 7.442038040608167648e-04
7.270000000000000000e+02 7.437985041178762913e-04
7.280000000000000000e+02 7.433876162394881248e-04
7.290000000000000000e+02 7.429890683852136135e-04
7.300000000000000000e+02 7.425967487506568432e-04
7.310000000000000000e+02 7.422007620334625244e-04
7.320000000000000000e+02 7.418174063786864281e-04
7.330000000000000000e+02 7.414328865706920624e-04
7.340000000000000000e+02 7.410533726215362549e-04
7.350000000000000000e+02 7.406855584122240543e-04
7.360000000000000000e+02 7.403128547593951225e-04
7.370000000000000000e+02 7.399375317618250847e-04
7.380000000000000000e+02 7.395669235847890377e-04
7.390000000000000000e+02 7.392161060124635696e-04
7.400000000000000000e+02 7.388510275632143021e-04
7.410000000000000000e+02 7.384914788417518139e-04
7.420000000000000000e+02 7.381301838904619217e-04
7.430000000000000000e+02 7.377756410278379917e-04
7.440000000000000000e+02 7.374291308224201202e-04
7.450000000000000000e+02 7.370729581452906132e-04
7.460000000000000000e+02 7.367138168774545193e-04
7.470000000000000000e+02 7.363707409240305424e-04
7.480000000000000000e+02 7.360207964666187763e-04
7.490000000000000000e+02 7.356681162491440773e-04
7.500000000000000000e+02 7.353252149187028408e-04
7.510000000000000000e+02 7.349768420681357384e-04
7.520000000000000000e+02 7.346357451751828194e-04
7.530000000000000000e+02 7.342862081713974476e-04
7.540000000000000000e+02 7.339402218349277973e-04
7.550000000000000000e+02 7.335973787121474743e-04
7.560000000000000000e+02 7.332537206821143627e-04
7.570000000000000000e+02 7.329129730351269245e-04
7.580000000000000000e+02 7.325750193558633327e-04
7.590000000000000000e+02 7.322298479266464710e-04
7.600000000000000000e+02 7.318874122574925423e-04
7.610000000000000000e+02 7.315553375519812107e-04
7.620000000000000000e+02 7.312137167900800705e-04
7.630000000000000000e+02 7.308844360522925854e-04
7.640000000000000000e+02 7.305460167117416859e-04
7.650000000000000000e+02 7.302127778530120850e-04
7.660000000000000000e+02 7.298799464479088783e-04
7.670000000000000000e+02 7.295528776012361050e-04
7.680000000000000000e+02 7.292270311154425144e-04
7.690000000000000000e+02 7.289125933311879635e-04
7.700000000000000000e+02 7.285757455974817276e-04
7.710000000000000000e+02 7.282619480974972248e-04
7.720000000000000000e+02 7.279485580511391163e-04
7.730000000000000000e+02 7.276441319845616817e-04
7.740000000000000000e+02 7.273312075994908810e-04
7.750000000000000000e+02 7.270183996297419071e-04
7.760000000000000000e+02 7.267241599038243294e-04
7.770000000000000000e+02 7.264299783855676651e-04
7.780000000000000000e+02 7.261303835548460484e-04
7.790000000000000000e+02 7.258359692059457302e-04
7.800000000000000000e+02 7.255552336573600769e-04
7.810000000000000000e+02 7.252681534737348557e-04
7.820000000000000000e+02 7.249966147355735302e-04
7.830000000000000000e+02 7.247136090882122517e-04
7.840000000000000000e+02 7.244413136504590511e-04
7.850000000000000000e+02 7.241785060614347458e-04
7.860000000000000000e+02 7.239084225147962570e-04
7.870000000000000000e+02 7.236400269903242588e-04
7.880000000000000000e+02 7.233752985484898090e-04
7.890000000000000000e+02 7.231182535178959370e-04
7.900000000000000000e+02 7.228615577332675457e-04
7.910000000000000000e+02 7.226074230857193470e-04
7.920000000000000000e+02 7.223513093777000904e-04
7.930000000000000000e+02 7.221071282401680946e-04
7.940000000000000000e+02 7.218614337034523487e-04
7.950000000000000000e+02 7.215974619612097740e-04
7.960000000000000000e+02 7.213607314042747021e-04
7.970000000000000000e+02 7.211101474240422249e-04
7.980000000000000000e+02 7.208649185486137867e-04
7.990000000000000000e+02 7.206248701550066471e-04
8.000000000000000000e+02 7.203871500678360462e-04
8.010000000000000000e+02 7.201418047770857811e-04
8.020000000000000000e+02 7.198944222182035446e-04
8.030000000000000000e+02 7.196470396593213081e-04
8.040000000000000000e+02 7.194090867415070534e-04
8.050000000000000000e+02 7.191819604486227036e-04
8.060000000000000000e+02 7.189317257143557072e-04
8.070000000000000000e+02 7.187164737842977047e-04
8.080000000000000000e+02 7.184707210399210453e-04
8.090000000000000000e+02 7.182243280112743378e-04
8.100000000000000000e+02 7.179655367508530617e-04
8.110000000000000000e+02 7.177161169238388538e-04
8.120000000000000000e+02 7.174648344516754150e-04
8.130000000000000000e+02 7.172274054028093815e-04
8.140000000000000000e+02 7.169979508034884930e-04
8.150000000000000000e+02 7.167527801357209682e-04
8.160000000000000000e+02 7.165133138187229633e-04
8.170000000000000000e+02 7.162626134231686592e-04
8.180000000000000000e+02 7.160055683925747871e-04
8.190000000000000000e+02 7.157439831644296646e-04
8.200000000000000000e+02 7.154908962547779083e-04
8.210000000000000000e+02 7.152383914217352867e-04
8.220000000000000000e+02 7.149837329052388668e-04
8.230000000000000000e+02 7.147279102355241776e-04
8.240000000000000000e+02 7.144743576645851135e-04
8.250000000000000000e+02 7.142189424484968185e-04
8.260000000000000000e+02 7.139590452425181866e-04
8.270000000000000000e+02 7.137029897421598434e-04
8.280000000000000000e+02 7.134412880986928940e-04
8.290000000000000000e+02 7.131829624995589256e-04
8.300000000000000000e+02 7.129180012270808220e-04
8.310000000000000000e+02 7.126517593860626221e-04
8.320000000000000000e+02 7.123839459381997585e-04
8.330000000000000000e+02 7.121154922060668468e-04
8.340000000000000000e+02 7.118392386473715305e-04
8.350000000000000000e+02 7.115725311450660229e-04
8.360000000000000000e+02 7.113057072274386883e-04
8.370000000000000000e+02 7.110231090337038040e-04
8.380000000000000000e+02 7.107466226443648338e-04
8.390000000000000000e+02 7.104661781340837479e-04
8.400000000000000000e+02 7.101964438334107399e-04
8.410000000000000000e+02 7.099176873452961445e-04
8.420000000000000000e+02 7.096643676050007343e-04
8.430000000000000000e+02 7.094150059856474400e-04
8.440000000000000000e+02 7.092491141520440578e-04
8.450000000000000000e+02 7.091637817211449146e-04
8.460000000000000000e+02 7.094924803823232651e-04
8.470000000000000000e+02 7.102100062184035778e-04
8.480000000000000000e+02 7.119213696569204330e-04
8.490000000000000000e+02 7.124170078895986080e-04
8.500000000000000000e+02 7.115776534192264080e-04
8.510000000000000000e+02 7.081782096065580845e-04
8.520000000000000000e+02 7.067357073538005352e-04
8.530000000000000000e+02 7.076674373820424080e-04
8.540000000000000000e+02 7.079643546603620052e-04
8.550000000000000000e+02 7.068286067806184292e-04
8.560000000000000000e+02 7.056046742945909500e-04
8.570000000000000000e+02 7.057019392959773540e-04
8.580000000000000000e+02 7.059707422740757465e-04
8.590000000000000000e+02 7.051819120533764362e-04
8.600000000000000000e+02 7.044232916086912155e-04
8.610000000000000000e+02 7.043274235911667347e-04
8.620000000000000000e+02 7.042299839667975903e-04
8.630000000000000000e+02 7.038048352114856243e-04
8.640000000000000000e+02 7.032568682916462421e-04
8.650000000000000000e+02 7.029548287391662598e-04
8.660000000000000000e+02 7.027704268693923950e-04
8.670000000000000000e+02 7.024412625469267368e-04
8.680000000000000000e+02 7.020350894890725613e-04
8.690000000000000000e+02 7.017183816060423851e-04
8.700000000000000000e+02 7.014685543254017830e-04
8.710000000000000000e+02 7.012004498392343521e-04
8.720000000000000000e+02 7.008189568296074867e-04
8.730000000000000000e+02 7.004676153883337975e-04
8.740000000000000000e+02 7.001836784183979034e-04
8.750000000000000000e+02 6.998780299909412861e-04
8.760000000000000000e+02 6.995615549385547638e-04
8.770000000000000000e+02 6.992262788116931915e-04
8.780000000000000000e+02 6.989049143157899380e-04
8.790000000000000000e+02 6.986078224144876003e-04
8.800000000000000000e+02 6.982946069911122322e-04
8.810000000000000000e+02 6.979739991948008537e-04
8.820000000000000000e+02 6.976404110901057720e-04
8.830000000000000000e+02 6.973256822675466537e-04
8.840000000000000000e+02 6.970021058805286884e-04
8.850000000000000000e+02 6.966871442273259163e-04
8.860000000000000000e+02 6.963651976548135281e-04
8.870000000000000000e+02 6.960378377698361874e-04
8.880000000000000000e+02 6.957174045965075493e-04
8.890000000000000000e+02 6.953974370844662189e-04
8.900000000000000000e+02 6.950733950361609459e-04
8.910000000000000000e+02 6.947505753487348557e-04
8.920000000000000000e+02 6.944269407540559769e-04
8.930000000000000000e+02 6.940991152077913284e-04
8.940000000000000000e+02 6.937896832823753357e-04
8.950000000000000000e+02 6.934634293429553509e-04
8.960000000000000000e+02 6.931399693712592125e-04
8.970000000000000000e+02 6.928258226253092289e-04
8.980000000000000000e+02 6.925043999217450619e-04
8.990000000000000000e+02 6.921630701981484890e-04
9.000000000000000000e+02 6.918389117345213890e-04
9.010000000000000000e+02 6.915192934684455395e-04
9.020000000000000000e+02 6.911915261298418045e-04
9.030000000000000000e+02 6.908729556016623974e-04
9.040000000000000000e+02 6.905351183377206326e-04
9.050000000000000000e+02 6.902155000716447830e-04
9.060000000000000000e+02 6.898740539327263832e-04
9.070000000000000000e+02 6.895391270518302917e-04
9.080000000000000000e+02 6.892166566103696823e-04
9.090000000000000000e+02 6.888743373565375805e-04
9.100000000000000000e+02 6.885426701046526432e-04
9.110000000000000000e+02 6.882019806653261185e-04
9.120000000000000000e+02 6.878676358610391617e-04
9.130000000000000000e+02 6.875306135043501854e-04
9.140000000000000000e+02 6.871870136819779873e-04
9.150000000000000000e+02 6.868425407446920872e-04
9.160000000000000000e+02 6.865005125291645527e-04
9.170000000000000000e+02 6.861520232632756233e-04
9.180000000000000000e+02 6.858026608824729919e-04
9.190000000000000000e+02 6.854641251266002655e-04
9.200000000000000000e+02 6.851142970845103264e-04
9.210000000000000000e+02 6.847705226391553879e-04
9.220000000000000000e+02 6.844291929155588150e-04
9.230000000000000000e+02 6.841204594820737839e-04
9.240000000000000000e+02 6.838057888671755791e-04
9.250000000000000000e+02 6.835734820924699306e-04
9.260000000000000000e+02 6.833050865679979324e-04
9.270000000000000000e+02 6.832014769315719604e-04
9.280000000000000000e+02 6.831224891357123852e-04
9.290000000000000000e+02 6.834823288954794407e-04
9.300000000000000000e+02 6.837581167928874493e-04
9.310000000000000000e+02 6.844176095910370350e-04
9.320000000000000000e+02 6.839205161668360233e-04
9.330000000000000000e+02 6.830854690633714199e-04
9.340000000000000000e+02 6.812047795392572880e-04
9.350000000000000000e+02 6.799456896260380745e-04
9.360000000000000000e+02 6.795272347517311573e-04
9.370000000000000000e+02 6.795820081606507301e-04
9.380000000000000000e+02 6.796012166887521744e-04
9.390000000000000000e+02 6.790477200411260128e-04
9.400000000000000000e+02 6.783944554626941681e-04
9.410000000000000000e+02 6.778062670491635799e-04
9.420000000000000000e+02 6.774701178073883057e-04
9.430000000000000000e+02 6.772694177925586700e-04
9.440000000000000000e+02 6.769956671632826328e-04
9.450000000000000000e+02 6.766560836695134640e-04
9.460000000000000000e+02 6.762351258657872677e-04
9.470000000000000000e+02 6.758525851182639599e-04
9.480000000000000000e+02 6.755051435902714729e-04
9.490000000000000000e+02 6.752025801688432693e-04
9.500000000000000000e+02 6.749252788722515106e-04
9.510000000000000000e+02 6.746241706423461437e-04
9.520000000000000000e+02 6.743316771462559700e-04
9.530000000000000000e+02 6.739862146787345409e-04
9.540000000000000000e+02 6.736745126545429230e-04
9.550000000000000000e+02 6.733415648341178894e-04
9.560000000000000000e+02 6.730332388542592525e-04
9.570000000000000000e+02 6.727201980538666248e-04
9.580000000000000000e+02 6.724227569065988064e-04
9.590000000000000000e+02 6.721394602209329605e-04
9.600000000000000000e+02 6.718803779222071171e-04
9.610000000000000000e+02 6.716400966979563236e-04
9.620000000000000000e+02 6.713421898894011974e-04
9.630000000000000000e+02 6.710773450322449207e-04
9.640000000000000000e+02 6.708052242174744606e-04
9.650000000000000000e+02 6.706077838316559792e-04
9.660000000000000000e+02 6.703545222990214825e-04
9.670000000000000000e+02 6.701400270685553551e-04
9.680000000000000000e+02 6.698126671835780144e-04
9.690000000000000000e+02 6.695275660604238510e-04
9.700000000000000000e+02 6.691637099720537663e-04
9.710000000000000000e+02 6.688712164759635925e-04
9.720000000000000000e+02 6.685586995445191860e-04
9.730000000000000000e+02 6.682940293103456497e-04
9.740000000000000000e+02 6.679785437881946564e-04
9.750000000000000000e+02 6.677161436527967453e-04
9.760000000000000000e+02 6.674228934571146965e-04
9.770000000000000000e+02 6.671698647551238537e-04
9.780000000000000000e+02 6.668885471299290657e-04
9.790000000000000000e+02 6.666600820608437061e-04
9.800000000000000000e+02 6.664020475000143051e-04
9.810000000000000000e+02 6.661932566203176975e-04
9.820000000000000000e+02 6.659647333435714245e-04
9.830000000000000000e+02 6.658741040155291557e-04
9.840000000000000000e+02 6.657897611148655415e-04
9.850000000000000000e+02 6.659753853455185890e-04
9.860000000000000000e+02 6.660961662419140339e-04
9.870000000000000000e+02 6.666064728051424026e-04
9.880000000000000000e+02 6.665534456260502338e-04
9.890000000000000000e+02 6.665194523520767689e-04
9.900000000000000000e+02 6.653716554865241051e-04
9.910000000000000000e+02 6.643001106567680836e-04
9.920000000000000000e+02 6.632775766775012016e-04
9.930000000000000000e+02 6.628652918152511120e-04
9.940000000000000000e+02 6.628390983678400517e-04
9.950000000000000000e+02 6.627342663705348969e-04
9.960000000000000000e+02 6.625205278396606445e-04
9.970000000000000000e+02 6.620877538807690144e-04
9.980000000000000000e+02 6.616877508349716663e-04
9.990000000000000000e+02 6.613428122363984585e-04
