0.000000000000000000e+00 2.077803230285644531e+01
1.000000000000000000e+00 6.472141265869140625e+00
2.000000000000000000e+00 8.859180808067321777e-01
3.000000000000000000e+00 9.898170083761215210e-02
4.000000000000000000e+00 3.250578418374061584e-02
5.000000000000000000e+00 2.449774742126464844e-02
6.000000000000000000e+00 2.280967868864536285e-02
7.000000000000000000e+00 2.227689139544963837e-02
8.000000000000000000e+00 2.206180989742279053e-02
9.000000000000000000e+00 2.196010388433933258e-02
1.000000000000000000e+01 2.190612442791461945e-02
1.100000000000000000e+01 2.187322638928890228e-02
1.200000000000000000e+01 2.185066975653171539e-02
1.300000000000000000e+01 2.183275111019611359e-02
1.400000000000000000e+01 2.181722782552242279e-02
1.500000000000000000e+01 2.180266380310058594e-02
1.600000000000000000e+01 2.178880013525485992e-02
1.700000000000000000e+01 2.177486196160316467e-02
1.800000000000000000e+01 2.176083810627460480e-02
1.900000000000000000e+01 2.174655906856060028e-02
2.000000000000000000e+01 2.173238992691040039e-02
2.100000000000000000e+01 2.171805314719676971e-02
2.200000000000000000e+01 2.170336246490478516e-02
2.300000000000000000e+01 2.168871462345123291e-02
2.400000000000000000e+01 2.167372964322566986e-02
2.500000000000000000e+01 2.165862917900085449e-02
2.600000000000000000e+01 2.164310030639171600e-02
2.700000000000000000e+01 2.162743546068668365e-02
2.800000000000000000e+01 2.161183021962642670e-02
2.900000000000000000e+01 2.159588970243930817e-02
3.000000000000000000e+01 2.157930843532085419e-02
3.100000000000000000e+01 2.156239375472068787e-02
3.200000000000000000e+01 2.154509723186492920e-02
3.300000000000000000e+01 2.152714505791664124e-02
3.400000000000000000e+01 2.150876261293888092e-02
3.500000000000000000e+01 2.148934639990329742e-02
3.600000000000000000e+01 2.146936021745204926e-02
3.700000000000000000e+01 2.144846506416797638e-02
3.800000000000000000e+01 2.142618782818317413e-02
3.900000000000000000e+01 2.140268124639987946e-02
4.000000000000000000e+01 2.137763053178787231e-02
4.100000000000000000e+01 2.135047130286693573e-02
4.200000000000000000e+01 2.132106013596057892e-02
4.300000000000000000e+01 2.128869853913784027e-02
4.400000000000000000e+01 2.125276438891887665e-02
4.500000000000000000e+01 2.121271006762981415e-02
4.600000000000000000e+01 2.116698957979679108e-02
4.700000000000000000e+01 2.111483365297317505e-02
4.800000000000000000e+01 2.105387859046459198e-02
4.900000000000000000e+01 2.098186314105987549e-02
5.000000000000000000e+01 2.089556492865085602e-02
5.100000000000000000e+01 2.078955247998237610e-02
5.200000000000000000e+01 2.065798640251159668e-02
5.300000000000000000e+01 2.049263752996921539e-02
5.400000000000000000e+01 2.028118073940277100e-02
5.500000000000000000e+01 2.001010067760944366e-02
5.600000000000000000e+01 1.966509968042373657e-02
5.700000000000000000e+01 1.924005895853042603e-02
5.800000000000000000e+01 1.874545589089393616e-02
5.900000000000000000e+01 1.821237057447433472e-02
6.000000000000000000e+01 1.767003722488880157e-02
6.100000000000000000e+01 1.711501553654670715e-02
6.200000000000000000e+01 1.652118563652038574e-02
6.300000000000000000e+01 1.587352529168128967e-02
6.400000000000000000e+01 1.518647931516170502e-02
6.500000000000000000e+01 1.449713017791509628e-02
6.600000000000000000e+01 1.383350417017936707e-02
6.700000000000000000e+01 1.321490667760372162e-02
6.800000000000000000e+01 1.264401152729988098e-02
6.900000000000000000e+01 1.211397908627986908e-02
7.000000000000000000e+01 1.161700394004583359e-02
7.100000000000000000e+01 1.114549115300178528e-02
7.200000000000000000e+01 1.069344766438007355e-02
7.300000000000000000e+01 1.026535779237747192e-02
7.400000000000000000e+01 9.859733283519744873e-03
7.500000000000000000e+01 9.473729878664016724e-03
7.600000000000000000e+01 9.108192287385463715e-03
7.700000000000000000e+01 8.763347752392292023e-03
7.800000000000000000e+01 8.436820469796657562e-03
7.900000000000000000e+01 8.126680739223957062e-03
8.000000000000000000e+01 7.832484319806098938e-03
8.100000000000000000e+01 7.554600480943918228e-03
8.200000000000000000e+01 7.289863191545009613e-03
8.300000000000000000e+01 7.038420531898736954e-03
8.400000000000000000e+01 6.799262482672929764e-03
8.500000000000000000e+01 6.573293823748826981e-03
8.600000000000000000e+01 6.357369944453239441e-03
8.700000000000000000e+01 6.152207963168621063e-03
8.800000000000000000e+01 5.957448855042457581e-03
8.900000000000000000e+01 5.771726369857788086e-03
9.000000000000000000e+01 5.594452377408742905e-03
9.100000000000000000e+01 5.425505340099334717e-03
9.200000000000000000e+01 5.264860577881336212e-03
9.300000000000000000e+01 5.111129488795995712e-03
9.400000000000000000e+01 4.963665734976530075e-03
9.500000000000000000e+01 4.822544287890195847e-03
9.600000000000000000e+01 4.687891341745853424e-03
9.700000000000000000e+01 4.558828193694353104e-03
9.800000000000000000e+01 4.434871952980756760e-03
9.900000000000000000e+01 4.315975122153759003e-03
1.000000000000000000e+02 4.201618954539299011e-03
1.010000000000000000e+02 4.092500545084476471e-03
1.020000000000000000e+02 3.987671341747045517e-03
1.030000000000000000e+02 3.886563703417778015e-03
1.040000000000000000e+02 3.789537586271762848e-03
1.050000000000000000e+02 3.696018364280462265e-03
1.060000000000000000e+02 3.606675891205668449e-03
1.070000000000000000e+02 3.520650789141654968e-03
1.080000000000000000e+02 3.437793115153908730e-03
1.090000000000000000e+02 3.357770619913935661e-03
1.100000000000000000e+02 3.280699020251631737e-03
1.110000000000000000e+02 3.206559922546148300e-03
1.120000000000000000e+02 3.135646460577845573e-03
1.130000000000000000e+02 3.066799603402614594e-03
1.140000000000000000e+02 3.000163473188877106e-03
1.150000000000000000e+02 2.935981843620538712e-03
1.160000000000000000e+02 2.874280791729688644e-03
1.170000000000000000e+02 2.814603503793478012e-03
1.180000000000000000e+02 2.756790257990360260e-03
1.190000000000000000e+02 2.701068762689828873e-03
1.200000000000000000e+02 2.646841574460268021e-03
1.210000000000000000e+02 2.594520105049014091e-03
1.220000000000000000e+02 2.544026821851730347e-03
1.230000000000000000e+02 2.495041582733392715e-03
1.240000000000000000e+02 2.447477076202630997e-03
1.250000000000000000e+02 2.401111181825399399e-03
1.260000000000000000e+02 2.356224926188588142e-03
1.270000000000000000e+02 2.312846481800079346e-03
1.280000000000000000e+02 2.270788419991731644e-03
1.290000000000000000e+02 2.229728037491440773e-03
1.300000000000000000e+02 2.189929131418466568e-03
1.310000000000000000e+02 2.151201013475656509e-03
1.320000000000000000e+02 2.113291760906577110e-03
1.330000000000000000e+02 2.076269593089818954e-03
1.340000000000000000e+02 2.040638355538249016e-03
1.350000000000000000e+02 2.005886984989047050e-03
1.360000000000000000e+02 1.971871824935078621e-03
1.370000000000000000e+02 1.938705798238515854e-03
1.380000000000000000e+02 1.906478079035878181e-03
1.390000000000000000e+02 1.875093905255198479e-03
1.400000000000000000e+02 1.844355370849370956e-03
1.410000000000000000e+02 1.814257120713591576e-03
1.420000000000000000e+02 1.785038970410823822e-03
1.430000000000000000e+02 1.756280194967985153e-03
1.440000000000000000e+02 1.728327362798154354e-03
1.450000000000000000e+02 1.701086643151938915e-03
1.460000000000000000e+02 1.674387254752218723e-03
1.470000000000000000e+02 1.648321631364524364e-03
1.480000000000000000e+02 1.622740644961595535e-03
1.490000000000000000e+02 1.597808441147208214e-03
1.500000000000000000e+02 1.573391957208514214e-03
1.510000000000000000e+02 1.549503882415592670e-03
1.520000000000000000e+02 1.525970874354243279e-03
1.530000000000000000e+02 1.503095030784606934e-03
1.540000000000000000e+02 1.480744453147053719e-03
1.550000000000000000e+02 1.458738115616142750e-03
1.560000000000000000e+02 1.437157159671187401e-03
1.570000000000000000e+02 1.416056999005377293e-03
1.580000000000000000e+02 1.395374303683638573e-03
1.590000000000000000e+02 1.375197200104594231e-03
1.600000000000000000e+02 1.355266547761857510e-03
1.610000000000000000e+02 1.335825421847403049e-03
1.620000000000000000e+02 1.316727255471050739e-03
1.630000000000000000e+02 1.297996146604418755e-03
1.640000000000000000e+02 1.279571326449513435e-03
1.650000000000000000e+02 1.261509838514029980e-03
1.660000000000000000e+02 1.243823789991438389e-03
1.670000000000000000e+02 1.226498745381832123e-03
1.680000000000000000e+02 1.209518522955477238e-03
1.690000000000000000e+02 1.192772178910672665e-03
1.700000000000000000e+02 1.176298363134264946e-03
1.710000000000000000e+02 1.160142244771122932e-03
1.720000000000000000e+02 1.144401030614972115e-03
1.730000000000000000e+02 1.128896838054060936e-03
1.740000000000000000e+02 1.113574020564556122e-03
1.750000000000000000e+02 1.098638749681413174e-03
1.760000000000000000e+02 1.083826296962797642e-03
1.770000000000000000e+02 1.069447607733309269e-03
1.780000000000000000e+02 1.055223750881850719e-03
1.790000000000000000e+02 1.041268813423812389e-03
1.800000000000000000e+02 1.027584541589021683e-03
1.810000000000000000e+02 1.014119130559265614e-03
1.820000000000000000e+02 1.000855700112879276e-03
1.830000000000000000e+02 9.877510601654648781e-04
1.840000000000000000e+02 9.750804747454822063e-04
1.850000000000000000e+02 9.624260710552334785e-04
1.860000000000000000e+02 9.500256855972111225e-04
1.870000000000000000e+02 9.378815302625298500e-04
1.880000000000000000e+02 9.259013459086418152e-04
1.890000000000000000e+02 9.141772170551121235e-04
1.900000000000000000e+02 9.026236948557198048e-04
1.910000000000000000e+02 8.912351913750171661e-04
1.920000000000000000e+02 8.800416835583746433e-04
1.930000000000000000e+02 8.690123213455080986e-04
1.940000000000000000e+02 8.582421578466892242e-04
1.950000000000000000e+02 8.476063376292586327e-04
1.960000000000000000e+02 8.371135918423533440e-04
1.970000000000000000e+02 8.267061202786862850e-04
1.980000000000000000e+02 8.166127372533082962e-04
1.990000000000000000e+02 8.066504378803074360e-04
2.000000000000000000e+02 7.967828423716127872e-04
2.010000000000000000e+02 7.871506968513131142e-04
2.020000000000000000e+02 7.775870617479085922e-04
2.030000000000000000e+02 7.682720897719264030e-04
2.040000000000000000e+02 7.590269087813794613e-04
2.050000000000000000e+02 7.499628700315952301e-04
2.060000000000000000e+02 7.410303223878145218e-04
2.070000000000000000e+02 7.321744924411177635e-04
2.080000000000000000e+02 7.236063829623162746e-04
2.090000000000000000e+02 7.150417659431695938e-04
2.100000000000000000e+02 7.066425168886780739e-04
2.110000000000000000e+02 6.984230712987482548e-04
2.120000000000000000e+02 6.902245804667472839e-04
2.130000000000000000e+02 6.821965798735618591e-04
2.140000000000000000e+02 6.742868572473526001e-04
2.150000000000000000e+02 6.665337714366614819e-04
2.160000000000000000e+02 6.588238757103681564e-04
2.170000000000000000e+02 6.513731786981225014e-04
2.180000000000000000e+02 6.439181161113083363e-04
2.190000000000000000e+02 6.365266744978725910e-04
2.200000000000000000e+02 6.293353508226573467e-04
2.210000000000000000e+02 6.221977528184652328e-04
2.220000000000000000e+02 6.152216810733079910e-04
2.230000000000000000e+02 6.083335028961300850e-04
2.240000000000000000e+02 6.015581311658024788e-04
2.250000000000000000e+02 5.948497564531862736e-04
2.260000000000000000e+02 5.882420809939503670e-04
2.270000000000000000e+02 5.817040218971669674e-04
2.280000000000000000e+02 5.753473378717899323e-04
2.290000000000000000e+02 5.690488615073263645e-04
2.300000000000000000e+02 5.627385107800364494e-04
2.310000000000000000e+02 5.566462641581892967e-04
2.320000000000000000e+02 5.505885346792638302e-04
2.330000000000000000e+02 5.446880823001265526e-04
2.340000000000000000e+02 5.388067220337688923e-04
2.350000000000000000e+02 5.330164567567408085e-04
2.360000000000000000e+02 5.272923735901713371e-04
2.370000000000000000e+02 5.216918652877211571e-04
2.380000000000000000e+02 5.161659209989011288e-04
2.390000000000000000e+02 5.107097094878554344e-04
2.400000000000000000e+02 5.052891210652887821e-04
2.410000000000000000e+02 5.000672535970807076e-04
2.420000000000000000e+02 4.948154091835021973e-04
2.430000000000000000e+02 4.897145554423332214e-04
2.440000000000000000e+02 4.846347728744149208e-04
2.450000000000000000e+02 4.796202410943806171e-04
2.460000000000000000e+02 4.746780614368617535e-04
2.470000000000000000e+02 4.697991535067558289e-04
2.480000000000000000e+02 4.649933252949267626e-04
2.490000000000000000e+02 4.603086854331195354e-04
2.500000000000000000e+02 4.556426720228046179e-04
2.510000000000000000e+02 4.510105936788022518e-04
2.520000000000000000e+02 4.465109377633780241e-04
2.530000000000000000e+02 4.420831974130123854e-04
2.540000000000000000e+02 4.376842407509684563e-04
2.550000000000000000e+02 4.333576071076095104e-04
2.560000000000000000e+02 4.291265213396400213e-04
2.570000000000000000e+02 4.249065241310745478e-04
2.580000000000000000e+02 4.207381571177393198e-04
2.590000000000000000e+02 4.166410653851926327e-04
2.600000000000000000e+02 4.126207204535603523e-04
2.610000000000000000e+02 4.086471453774720430e-04
2.620000000000000000e+02 4.047528491355478764e-04
2.630000000000000000e+02 4.008553805761039257e-04
2.640000000000000000e+02 3.970740071963518858e-04
2.650000000000000000e+02 3.933113766834139824e-04
2.660000000000000000e+02 3.895586996804922819e-04
2.670000000000000000e+02 3.859199932776391506e-04
2.680000000000000000e+02 3.822586440946906805e-04
2.690000000000000000e+02 3.787202294915914536e-04
2.700000000000000000e+02 3.752131888177245855e-04
2.710000000000000000e+02 3.717181389220058918e-04
2.720000000000000000e+02 3.683171235024929047e-04
2.730000000000000000e+02 3.649459395091980696e-04
2.740000000000000000e+02 3.616285684984177351e-04
2.750000000000000000e+02 3.583471407182514668e-04
2.760000000000000000e+02 3.550750552676618099e-04
2.770000000000000000e+02 3.518869052641093731e-04
2.780000000000000000e+02 3.487438079901039600e-04
2.790000000000000000e+02 3.455933183431625366e-04
2.800000000000000000e+02 3.425363101996481419e-04
2.810000000000000000e+02 3.395264793653041124e-04
2.820000000000000000e+02 3.365113516338169575e-04
2.830000000000000000e+02 3.335638321004807949e-04
2.840000000000000000e+02 3.306332801003009081e-04
2.850000000000000000e+02 3.277362557128071785e-04
2.860000000000000000e+02 3.249216533731669188e-04
2.870000000000000000e+02 3.220887447241693735e-04
2.880000000000000000e+02 3.193072043359279633e-04
2.890000000000000000e+02 3.165694070048630238e-04
2.900000000000000000e+02 3.138184547424316406e-04
2.910000000000000000e+02 3.111564437858760357e-04
2.920000000000000000e+02 3.085147473029792309e-04
2.930000000000000000e+02 3.058903967030346394e-04
2.940000000000000000e+02 3.033295215573161840e-04
2.950000000000000000e+02 3.007877385243773460e-04
2.960000000000000000e+02 2.982608857564628124e-04
2.970000000000000000e+02 2.957517281174659729e-04
2.980000000000000000e+02 2.932887291535735130e-04
2.990000000000000000e+02 2.908539609052240849e-04
3.000000000000000000e+02 2.884669520426541567e-04
3.010000000000000000e+02 3.605252131819725037e-02
3.020000000000000000e+02 1.771937124431133270e-02
3.030000000000000000e+02 1.203688140958547592e-02
3.040000000000000000e+02 9.703100658953189850e-03
3.050000000000000000e+02 8.868523873388767242e-03
3.060000000000000000e+02 7.204887922853231430e-03
3.070000000000000000e+02 4.132123198360204697e-03
3.080000000000000000e+02 3.176077036187052727e-03
3.090000000000000000e+02 3.141780151054263115e-03
3.100000000000000000e+02 1.900229137390851974e-03
3.110000000000000000e+02 2.073043491691350937e-03
3.120000000000000000e+02 2.185824792832136154e-03
3.130000000000000000e+02 1.691329525783658028e-03
3.140000000000000000e+02 1.556195900775492191e-03
3.150000000000000000e+02 1.440659165382385254e-03
3.160000000000000000e+02 9.543407941237092018e-04
3.170000000000000000e+02 7.355431444011628628e-04
3.180000000000000000e+02 6.684894324280321598e-04
3.190000000000000000e+02 5.589041393250226974e-04
3.200000000000000000e+02 5.886137951165437698e-04
3.210000000000000000e+02 5.751586868427693844e-04
3.220000000000000000e+02 4.679870908148586750e-04
3.230000000000000000e+02 4.269875935278832912e-04
3.240000000000000000e+02 3.800757403951138258e-04
3.250000000000000000e+02 3.198583144694566727e-04
3.260000000000000000e+02 3.196783363819122314e-04
3.270000000000000000e+02 3.042498428840190172e-04
3.280000000000000000e+02 2.811829326674342155e-04
3.290000000000000000e+02 2.794805332086980343e-04
3.300000000000000000e+02 2.568966883700340986e-04
3.310000000000000000e+02 2.420340169919654727e-04
3.320000000000000000e+02 2.378006902290508151e-04
3.330000000000000000e+02 2.247028751298785210e-04
3.340000000000000000e+02 2.223924675490707159e-04
3.350000000000000000e+02 2.159350406145676970e-04
3.360000000000000000e+02 2.070935297524556518e-04
3.370000000000000000e+02 2.038033853750675917e-04
3.380000000000000000e+02 1.977654173970222473e-04
3.390000000000000000e+02 1.961762172868475318e-04
3.400000000000000000e+02 1.946076663443818688e-04
3.410000000000000000e+02 1.911114959511905909e-04
3.420000000000000000e+02 1.889612321974709630e-04
3.430000000000000000e+02 1.852236309787258506e-04
3.440000000000000000e+02 1.829645480029284954e-04
3.450000000000000000e+02 1.809703389881178737e-04
3.460000000000000000e+02 1.789590896805748343e-04
3.470000000000000000e+02 1.775661803549155593e-04
3.480000000000000000e+02 1.753499818732962012e-04
3.490000000000000000e+02 1.736659178277477622e-04
3.500000000000000000e+02 1.717142877168953419e-04
3.510000000000000000e+02 1.699888671282678843e-04
3.520000000000000000e+02 1.683840091573074460e-04
3.530000000000000000e+02 1.667097094468772411e-04
3.540000000000000000e+02 1.652164646657183766e-04
3.550000000000000000e+02 1.635727094253525138e-04
3.560000000000000000e+02 1.621987903490662575e-04
3.570000000000000000e+02 1.608049642527475953e-04
3.580000000000000000e+02 1.595449430169537663e-04
3.590000000000000000e+02 1.583031844347715378e-04
3.600000000000000000e+02 1.570603635627776384e-04
3.610000000000000000e+02 1.559062366141006351e-04
3.620000000000000000e+02 1.548198197269812226e-04
3.630000000000000000e+02 1.538242213428020477e-04
3.640000000000000000e+02 1.528252614662051201e-04
3.650000000000000000e+02 1.519029028713703156e-04
3.660000000000000000e+02 1.509750582044944167e-04
3.670000000000000000e+02 1.500987418694421649e-04
3.680000000000000000e+02 1.492547889938578010e-04
3.690000000000000000e+02 1.484393578721210361e-04
3.700000000000000000e+02 1.476321631344035268e-04
3.710000000000000000e+02 1.468256959924474359e-04
3.720000000000000000e+02 1.460504427086561918e-04
3.730000000000000000e+02 1.452975702704861760e-04
3.740000000000000000e+02 1.445846864953637123e-04
3.750000000000000000e+02 1.438275212422013283e-04
3.760000000000000000e+02 1.431361160939559340e-04
3.770000000000000000e+02 1.424658257747069001e-04
3.780000000000000000e+02 1.417911698808893561e-04
3.790000000000000000e+02 1.411601260770112276e-04
3.800000000000000000e+02 1.405068760504946113e-04
3.810000000000000000e+02 1.399153115926310420e-04
3.820000000000000000e+02 1.393268612446263433e-04
3.830000000000000000e+02 1.387905504088848829e-04
3.840000000000000000e+02 1.381964248139411211e-04
3.850000000000000000e+02 1.376426225760951638e-04
3.860000000000000000e+02 1.371479156659916043e-04
3.870000000000000000e+02 1.366112119285389781e-04
3.880000000000000000e+02 1.361038448521867394e-04
3.890000000000000000e+02 1.356311695417389274e-04
3.900000000000000000e+02 1.351924292976036668e-04
3.910000000000000000e+02 1.347348734270781279e-04
3.920000000000000000e+02 1.342529285466298461e-04
3.930000000000000000e+02 1.338239235337823629e-04
3.940000000000000000e+02 1.334084954578429461e-04
3.950000000000000000e+02 1.329862134298309684e-04
3.960000000000000000e+02 1.325899502262473106e-04
3.970000000000000000e+02 1.321949530392885208e-04
3.980000000000000000e+02 1.318016729783266783e-04
3.990000000000000000e+02 1.314179244218394160e-04
4.000000000000000000e+02 1.310560619458556175e-04
4.010000000000000000e+02 1.306828780798241496e-04
4.020000000000000000e+02 1.303495955653488636e-04
4.030000000000000000e+02 1.299739524256438017e-04
4.040000000000000000e+02 1.296315749641507864e-04
4.050000000000000000e+02 1.293042587349191308e-04
4.060000000000000000e+02 1.289710926357656717e-04
4.070000000000000000e+02 1.286666665691882372e-04
4.080000000000000000e+02 1.283551246160641313e-04
4.090000000000000000e+02 1.280239812331274152e-04
4.100000000000000000e+02 1.277123374165967107e-04
4.110000000000000000e+02 1.274320093216374516e-04
4.120000000000000000e+02 1.271346845896914601e-04
4.130000000000000000e+02 1.268390187760815024e-04
4.140000000000000000e+02 1.265929749934002757e-04
4.150000000000000000e+02 1.263286103494465351e-04
4.160000000000000000e+02 1.260646968148648739e-04
4.170000000000000000e+02 1.257934927707538009e-04
4.180000000000000000e+02 1.255311799468472600e-04
4.190000000000000000e+02 1.252977672265842557e-04
4.200000000000000000e+02 1.250494824489578605e-04
4.210000000000000000e+02 1.247712352778762579e-04
4.220000000000000000e+02 1.245101448148488998e-04
4.230000000000000000e+02 1.242842699866741896e-04
4.240000000000000000e+02 1.240593846887350082e-04
4.250000000000000000e+02 1.238275581272318959e-04
4.260000000000000000e+02 1.235817762790247798e-04
4.270000000000000000e+02 1.233543734997510910e-04
4.280000000000000000e+02 1.231530332006514072e-04
4.290000000000000000e+02 1.229273475473746657e-04
4.300000000000000000e+02 1.226962194778025150e-04
4.310000000000000000e+02 1.225032028742134571e-04
4.320000000000000000e+02 1.222819118993356824e-04
4.330000000000000000e+02 1.220830890815705061e-04
4.340000000000000000e+02 1.218667021021246910e-04
4.350000000000000000e+02 1.216709715663455427e-04
4.360000000000000000e+02 1.214566000271588564e-04
4.370000000000000000e+02 1.212537026731297374e-04
4.380000000000000000e+02 1.210493282997049391e-04
4.390000000000000000e+02 1.208805260830558836e-04
4.400000000000000000e+02 1.206774468300864100e-04
4.410000000000000000e+02 1.204896107083186507e-04
4.420000000000000000e+02 1.203132851514965296e-04
4.430000000000000000e+02 1.201032137032598257e-04
4.440000000000000000e+02 1.199364269268698990e-04
4.450000000000000000e+02 1.197470992337912321e-04
4.460000000000000000e+02 1.195585209643468261e-04
4.470000000000000000e+02 1.193739008158445358e-04
4.480000000000000000e+02 1.192121999338269234e-04
4.490000000000000000e+02 1.190322072943672538e-04
4.500000000000000000e+02 1.188661262858659029e-04
4.510000000000000000e+02 1.186910740216262639e-04
4.520000000000000000e+02 1.185114670079201460e-04
4.530000000000000000e+02 1.183449785457924008e-04
4.540000000000000000e+02 1.181833431473933160e-04
4.550000000000000000e+02 1.180167382699437439e-04
4.560000000000000000e+02 1.178152524516917765e-04
4.570000000000000000e+02 1.176657824544236064e-04
4.580000000000000000e+02 1.175147845060564578e-04
4.590000000000000000e+02 1.173597047454677522e-04
4.600000000000000000e+02 1.171799885923974216e-04
4.610000000000000000e+02 1.170432005892507732e-04
4.620000000000000000e+02 1.168633389170281589e-04
4.630000000000000000e+02 1.167049558716826141e-04
4.640000000000000000e+02 1.165278081316500902e-04
4.650000000000000000e+02 1.163958295364864171e-04
4.660000000000000000e+02 1.162335538538172841e-04
4.670000000000000000e+02 1.160752581199631095e-04
4.680000000000000000e+02 1.159226740128360689e-04
4.690000000000000000e+02 1.157818915089592338e-04
4.700000000000000000e+02 1.156375365098938346e-04
4.710000000000000000e+02 1.154825367848388851e-04
4.720000000000000000e+02 1.153117627836763859e-04
4.730000000000000000e+02 1.151801770902238786e-04
4.740000000000000000e+02 1.150067982962355018e-04
4.750000000000000000e+02 1.148944938904605806e-04
4.760000000000000000e+02 1.147286966443061829e-04
4.770000000000000000e+02 1.145738351624459028e-04
4.780000000000000000e+02 1.144444177043624222e-04
4.790000000000000000e+02 1.142688925028778613e-04
4.800000000000000000e+02 1.141476095654070377e-04
4.810000000000000000e+02 1.140026361099444330e-04
4.820000000000000000e+02 1.138442166848108172e-04
4.830000000000000000e+02 1.136978025897406042e-04
4.840000000000000000e+02 1.135645507019944489e-04
4.850000000000000000e+02 1.134108024416491389e-04
4.860000000000000000e+02 1.132838297053240240e-04
4.870000000000000000e+02 1.131448370870202780e-04
4.880000000000000000e+02 1.130006930907256901e-04
4.890000000000000000e+02 1.128660878748632967e-04
4.900000000000000000e+02 1.127175419242121279e-04
4.910000000000000000e+02 1.125624985434114933e-04
4.920000000000000000e+02 1.124464470194652677e-04
4.930000000000000000e+02 1.123120382544584572e-04
4.940000000000000000e+02 1.121727691497653723e-04
4.950000000000000000e+02 1.120211018132977188e-04
4.960000000000000000e+02 1.119047883548773825e-04
4.970000000000000000e+02 1.117436622735112906e-04
4.980000000000000000e+02 1.116254425141960382e-04
4.990000000000000000e+02 1.114722326747141778e-04
5.000000000000000000e+02 1.113355610868893564e-04
5.010000000000000000e+02 1.112070312956348062e-04
5.020000000000000000e+02 1.110772427637130022e-04
5.030000000000000000e+02 1.109575605369172990e-04
5.040000000000000000e+02 1.107840362237766385e-04
5.050000000000000000e+02 1.106717973016202450e-04
5.060000000000000000e+02 1.105263872887007892e-04
5.070000000000000000e+02 1.104014299926348031e-04
5.080000000000000000e+02 1.102960304706357419e-04
5.090000000000000000e+02 1.101166126318275928e-04
5.100000000000000000e+02 1.099870569305494428e-04
5.110000000000000000e+02 1.098692737286910415e-04
5.120000000000000000e+02 1.097550775739364326e-04
5.130000000000000000e+02 1.096324413083493710e-04
5.140000000000000000e+02 1.095023908419534564e-04
5.150000000000000000e+02 1.093575992854312062e-04
5.160000000000000000e+02 1.092160382540896535e-04
5.170000000000000000e+02 1.091027879738248885e-04
5.180000000000000000e+02 1.089466313715092838e-04
5.190000000000000000e+02 1.088162898668088019e-04
5.200000000000000000e+02 1.087133496184833348e-04
5.210000000000000000e+02 1.085841795429587364e-04
5.220000000000000000e+02 1.084679388441145420e-04
5.230000000000000000e+02 1.083239112631417811e-04
5.240000000000000000e+02 1.081766240531578660e-04
5.250000000000000000e+02 1.080793008441105485e-04
5.260000000000000000e+02 1.079227877198718488e-04
5.270000000000000000e+02 1.078133718692697585e-04
5.280000000000000000e+02 1.076780317816883326e-04
5.290000000000000000e+02 1.075552499969489872e-04
5.300000000000000000e+02 1.074083847925066948e-04
5.310000000000000000e+02 1.072849263437092304e-04
5.320000000000000000e+02 1.071488950401544571e-04
5.330000000000000000e+02 1.070372018148191273e-04
5.340000000000000000e+02 1.069139034370891750e-04
5.350000000000000000e+02 1.067859993781894445e-04
5.360000000000000000e+02 1.066213662852533162e-04
5.370000000000000000e+02 1.065208489308133721e-04
5.380000000000000000e+02 1.063925374182872474e-04
5.390000000000000000e+02 1.062467126757837832e-04
5.400000000000000000e+02 1.061423754435963929e-04
5.410000000000000000e+02 1.060416325344704092e-04
5.420000000000000000e+02 1.058702910086140037e-04
5.430000000000000000e+02 1.057404151652008295e-04
5.440000000000000000e+02 1.056420223903842270e-04
5.450000000000000000e+02 1.054967142408713698e-04
5.460000000000000000e+02 1.053966552717611194e-04
5.470000000000000000e+02 1.052891457220539451e-04
5.480000000000000000e+02 1.051837316481396556e-04
5.490000000000000000e+02 1.050173959811218083e-04
5.500000000000000000e+02 1.049133788910694420e-04
5.510000000000000000e+02 1.047812620527110994e-04
5.520000000000000000e+02 1.046822508214972913e-04
5.530000000000000000e+02 1.045448152581229806e-04
5.540000000000000000e+02 1.044026357703842223e-04
5.550000000000000000e+02 1.042936564772389829e-04
5.560000000000000000e+02 1.041794894263148308e-04
5.570000000000000000e+02 1.040399729390628636e-04
5.580000000000000000e+02 1.039680792018771172e-04
5.590000000000000000e+02 1.038705740938894451e-04
5.600000000000000000e+02 1.038157497532665730e-04
5.610000000000000000e+02 1.037510810419917107e-04
5.620000000000000000e+02 1.037066758726723492e-04
5.630000000000000000e+02 1.038327827700413764e-04
5.640000000000000000e+02 1.041718060150742531e-04
5.650000000000000000e+02 1.049054844770580530e-04
5.660000000000000000e+02 1.062155133695341647e-04
5.670000000000000000e+02 1.087105410988442600e-04
5.680000000000000000e+02 1.128343501477502286e-04
5.690000000000000000e+02 1.210138070746324956e-04
5.700000000000000000e+02 1.331635721726343036e-04
5.710000000000000000e+02 1.551340101286768913e-04
5.720000000000000000e+02 1.743688480928540230e-04
5.730000000000000000e+02 1.966624258784577250e-04
5.740000000000000000e+02 1.769450755091384053e-04
5.750000000000000000e+02 1.419077307218685746e-04
5.760000000000000000e+02 1.072011145879514515e-04
5.770000000000000000e+02 1.080392103176563978e-04
5.780000000000000000e+02 1.238948170794174075e-04
5.790000000000000000e+02 1.190094699268229306e-04
5.800000000000000000e+02 1.053281230269931257e-04
5.810000000000000000e+02 1.042068251990713179e-04
5.820000000000000000e+02 1.105545161408372223e-04
5.830000000000000000e+02 1.093764512916095555e-04
5.840000000000000000e+02 1.033705339068546891e-04
5.850000000000000000e+02 1.031840074574574828e-04
5.860000000000000000e+02 1.059985079336911440e-04
5.870000000000000000e+02 1.048549675033427775e-04
5.880000000000000000e+02 1.022440483211539686e-04
5.890000000000000000e+02 1.021521020447835326e-04
5.900000000000000000e+02 1.031182910082861781e-04
5.910000000000000000e+02 1.025337915052659810e-04
5.920000000000000000e+02 1.014171430142596364e-04
5.930000000000000000e+02 1.013692235574126244e-04
5.940000000000000000e+02 1.016550013446249068e-04
5.950000000000000000e+02 1.013701330521143973e-04
5.960000000000000000e+02 1.008514736895449460e-04
5.970000000000000000e+02 1.006247621262446046e-04
5.980000000000000000e+02 1.006556194624863565e-04
5.990000000000000000e+02 1.005464291665703058e-04
6.000000000000000000e+02 1.002965436782687902e-04
6.010000000000000000e+02 1.000869306153617799e-04
6.020000000000000000e+02 9.994261199608445168e-05
6.030000000000000000e+02 9.980322647606953979e-05
6.040000000000000000e+02 9.970632527256384492e-05
6.050000000000000000e+02 9.957807196769863367e-05
6.060000000000000000e+02 9.944159683072939515e-05
6.070000000000000000e+02 9.932455577654764056e-05
6.080000000000000000e+02 9.917753050103783607e-05
6.090000000000000000e+02 9.906198829412460327e-05
6.100000000000000000e+02 9.895430412143468857e-05
6.110000000000000000e+02 9.880150173557922244e-05
6.120000000000000000e+02 9.873378439806401730e-05
6.130000000000000000e+02 9.865679021459072828e-05
6.140000000000000000e+02 9.865988249657675624e-05
6.150000000000000000e+02 9.870966459857299924e-05
6.160000000000000000e+02 9.882781887426972389e-05
6.170000000000000000e+02 9.897367272060364485e-05
6.180000000000000000e+02 9.937946015270426869e-05
6.190000000000000000e+02 1.002454519039019942e-04
6.200000000000000000e+02 1.020682975649833679e-04
6.210000000000000000e+02 1.055553293554112315e-04
6.220000000000000000e+02 1.135250495281070471e-04
6.230000000000000000e+02 1.289761712541803718e-04
6.240000000000000000e+02 1.660022680880501866e-04
6.250000000000000000e+02 2.164407342206686735e-04
6.260000000000000000e+02 3.040097071789205074e-04
6.270000000000000000e+02 2.668334054760634899e-04
6.280000000000000000e+02 1.700870197964832187e-04
6.290000000000000000e+02 1.036400935845449567e-04
6.300000000000000000e+02 1.510070433141663671e-04
6.310000000000000000e+02 1.473285083193331957e-04
6.320000000000000000e+02 1.007926257443614304e-04
6.330000000000000000e+02 1.279234566027298570e-04
6.340000000000000000e+02 1.260821736650541425e-04
6.350000000000000000e+02 1.011806161841377616e-04
6.360000000000000000e+02 1.193543503177352250e-04
6.370000000000000000e+02 1.101697562262415886e-04
6.380000000000000000e+02 1.026847967295907438e-04
6.390000000000000000e+02 1.118362852139398456e-04
6.400000000000000000e+02 1.018155235215090215e-04
6.410000000000000000e+02 1.037205292959697545e-04
6.420000000000000000e+02 1.050401988322846591e-04
6.430000000000000000e+02 9.973769920179620385e-05
6.440000000000000000e+02 1.026169920805841684e-04
6.450000000000000000e+02 1.008630424621514976e-04
6.460000000000000000e+02 9.925013728206977248e-05
6.470000000000000000e+02 1.009118714137002826e-04
6.480000000000000000e+02 9.911239612847566605e-05
6.490000000000000000e+02 9.879410936264321208e-05
6.500000000000000000e+02 9.943301847670227289e-05
6.510000000000000000e+02 9.816476813284680247e-05
6.520000000000000000e+02 9.806577145354822278e-05
6.530000000000000000e+02 9.835568926064297557e-05
6.540000000000000000e+02 9.757343650562688708e-05
6.550000000000000000e+02 9.733553451951593161e-05
6.560000000000000000e+02 9.745420538820326328e-05
6.570000000000000000e+02 9.699131624074652791e-05
6.580000000000000000e+02 9.671421867096796632e-05
6.590000000000000000e+02 9.671020961832255125e-05
6.600000000000000000e+02 9.648534614825621247e-05
6.610000000000000000e+02 9.621013305149972439e-05
6.620000000000000000e+02 9.606916137272492051e-05
6.630000000000000000e+02 9.595547453500330448e-05
6.640000000000000000e+02 9.575187868904322386e-05
6.650000000000000000e+02 9.552956908009946346e-05
6.660000000000000000e+02 9.541996405459940434e-05
6.670000000000000000e+02 9.525445057079195976e-05
6.680000000000000000e+02 9.511681128060445189e-05
6.690000000000000000e+02 9.492906974628567696e-05
6.700000000000000000e+02 9.479808795731514692e-05
6.710000000000000000e+02 9.466183109907433391e-05
6.720000000000000000e+02 9.452175436308607459e-05
6.730000000000000000e+02 9.432504884898662567e-05
6.740000000000000000e+02 9.417674300493672490e-05
6.750000000000000000e+02 9.400362614542245865e-05
6.760000000000000000e+02 9.387447789777070284e-05
6.770000000000000000e+02 9.375099762110039592e-05
6.780000000000000000e+02 9.356114605907350779e-05
6.790000000000000000e+02 9.343828423880040646e-05
6.800000000000000000e+02 9.329164458904415369e-05
6.810000000000000000e+02 9.316511568613350391e-05
6.820000000000000000e+02 9.302869148086756468e-05
6.830000000000000000e+02 9.288999717682600021e-05
6.840000000000000000e+02 9.275470074499025941e-05
6.850000000000000000e+02 9.259590297006070614e-05
6.860000000000000000e+02 9.245811088476330042e-05
6.870000000000000000e+02 9.228297858498990536e-05
6.880000000000000000e+02 9.215526370098814368e-05
6.890000000000000000e+02 9.201473585562780499e-05
6.900000000000000000e+02 9.186517127091065049e-05
6.910000000000000000e+02 9.170419798465445638e-05
6.920000000000000000e+02 9.158965258393436670e-05
6.930000000000000000e+02 9.145117655862122774e-05
6.940000000000000000e+02 9.133428829954937100e-05
6.950000000000000000e+02 9.119186142925173044e-05
6.960000000000000000e+02 9.102841431740671396e-05
6.970000000000000000e+02 9.089604282053187490e-05
6.980000000000000000e+02 9.075347770703956485e-05
6.990000000000000000e+02 9.062117896974086761e-05
7.000000000000000000e+02 9.048758511198684573e-05
7.010000000000000000e+02 9.037915151566267014e-05
7.020000000000000000e+02 9.022442100103944540e-05
7.030000000000000000e+02 9.016576223075389862e-05
7.040000000000000000e+02 9.022792073665186763e-05
7.050000000000000000e+02 9.058984869625419378e-05
7.060000000000000000e+02 9.226477413903921843e-05
7.070000000000000000e+02 9.902369492920115590e-05
7.080000000000000000e+02 1.245289167854934931e-04
7.090000000000000000e+02 2.327622205484658480e-04
7.100000000000000000e+02 4.982064710929989815e-04
7.110000000000000000e+02 1.093634637072682381e-03
7.120000000000000000e+02 2.835657214745879173e-04
7.130000000000000000e+02 4.406090592965483665e-04
7.140000000000000000e+02 2.940650156233459711e-04
7.150000000000000000e+02 2.576135448180139065e-04
7.160000000000000000e+02 2.029738097917288542e-04
7.170000000000000000e+02 2.212904655607417226e-04
7.180000000000000000e+02 1.511265581939369440e-04
7.190000000000000000e+02 2.037857630057260394e-04
7.200000000000000000e+02 1.194211945403367281e-04
7.210000000000000000e+02 1.786391949281096458e-04
7.220000000000000000e+02 1.186891458928585052e-04
7.230000000000000000e+02 1.469677954446524382e-04
7.240000000000000000e+02 1.295506081078201532e-04
7.250000000000000000e+02 1.209942638524807990e-04
7.260000000000000000e+02 1.316005946137011051e-04
7.270000000000000000e+02 1.118530417443253100e-04
7.280000000000000000e+02 1.242749858647584915e-04
7.290000000000000000e+02 1.132218239945359528e-04
7.300000000000000000e+02 1.144878842751495540e-04
7.310000000000000000e+02 1.136329956352710724e-04
7.320000000000000000e+02 1.081656810129061341e-04
7.330000000000000000e+02 1.117955034715123475e-04
7.340000000000000000e+02 1.065366523107513785e-04
7.350000000000000000e+02 1.082597664208151400e-04
7.360000000000000000e+02 1.058079214999452233e-04
7.370000000000000000e+02 1.048460253514349461e-04
7.380000000000000000e+02 1.048364574671722949e-04
7.390000000000000000e+02 1.030073326546698809e-04
7.400000000000000000e+02 1.035493187373504043e-04
7.410000000000000000e+02 1.018399561871774495e-04
7.420000000000000000e+02 1.019447736325673759e-04
7.430000000000000000e+02 1.009695333777926862e-04
7.440000000000000000e+02 1.006759339361451566e-04
7.450000000000000000e+02 1.002260178211145103e-04
7.460000000000000000e+02 9.968561062123626471e-05
7.470000000000000000e+02 9.949249943019822240e-05
7.480000000000000000e+02 9.894285176414996386e-05
7.490000000000000000e+02 9.882131416816264391e-05
7.500000000000000000e+02 9.830729686655104160e-05
7.510000000000000000e+02 9.816625242820009589e-05
7.520000000000000000e+02 9.777532250154763460e-05
7.530000000000000000e+02 9.758672240423038602e-05
7.540000000000000000e+02 9.729489102028310299e-05
7.550000000000000000e+02 9.708813740871846676e-05
7.560000000000000000e+02 9.683521057013422251e-05
7.570000000000000000e+02 9.663349919719621539e-05
7.580000000000000000e+02 9.640300413593649864e-05
7.590000000000000000e+02 9.616927127353847027e-05
7.600000000000000000e+02 9.598253382137045264e-05
7.610000000000000000e+02 9.576557931723073125e-05
7.620000000000000000e+02 9.556157601764425635e-05
7.630000000000000000e+02 9.536619472783058882e-05
7.640000000000000000e+02 9.515785495750606060e-05
7.650000000000000000e+02 9.497482824372127652e-05
7.660000000000000000e+02 9.477684943703934550e-05
7.670000000000000000e+02 9.458213753532618284e-05
7.680000000000000000e+02 9.439276618650183082e-05
7.690000000000000000e+02 9.415882232133299112e-05
7.700000000000000000e+02 9.396497625857591629e-05
7.710000000000000000e+02 9.377708192914724350e-05
7.720000000000000000e+02 9.358639363199472427e-05
7.730000000000000000e+02 9.338460222352296114e-05
7.740000000000000000e+02 9.319543460151180625e-05
7.750000000000000000e+02 9.298492659581825137e-05
7.760000000000000000e+02 9.278899960918352008e-05
7.770000000000000000e+02 9.256950579583644867e-05
7.780000000000000000e+02 9.237140329787507653e-05
7.790000000000000000e+02 9.215459431288763881e-05
7.800000000000000000e+02 9.194877202389761806e-05
7.810000000000000000e+02 9.176043386105448008e-05
7.820000000000000000e+02 9.154612052952870727e-05
7.830000000000000000e+02 9.132818377111107111e-05
7.840000000000000000e+02 9.110754763241857290e-05
7.850000000000000000e+02 9.087994112633168697e-05
7.860000000000000000e+02 9.067085920833051205e-05
7.870000000000000000e+02 9.043746831594035029e-05
7.880000000000000000e+02 9.021963342092931271e-05
7.890000000000000000e+02 8.998027624329552054e-05
7.900000000000000000e+02 8.973224612418562174e-05
7.910000000000000000e+02 8.948451431933790445e-05
7.920000000000000000e+02 8.926786540541797876e-05
7.930000000000000000e+02 8.901675028027966619e-05
7.940000000000000000e+02 8.877134678186848760e-05
7.950000000000000000e+02 8.851134043652564287e-05
7.960000000000000000e+02 8.824055112199857831e-05
7.970000000000000000e+02 8.798886847216635942e-05
7.980000000000000000e+02 8.772477303864434361e-05
7.990000000000000000e+02 8.745802188059315085e-05
8.000000000000000000e+02 8.713493298273533583e-05
8.010000000000000000e+02 8.688035450177267194e-05
8.020000000000000000e+02 8.659056038595736027e-05
8.030000000000000000e+02 8.628270734334364533e-05
8.040000000000000000e+02 8.598298154538497329e-05
8.050000000000000000e+02 8.564215386286377907e-05
8.060000000000000000e+02 8.535266533726826310e-05
8.070000000000000000e+02 8.502251876052469015e-05
8.080000000000000000e+02 8.467739098705351353e-05
8.090000000000000000e+02 8.435196650680154562e-05
8.100000000000000000e+02 8.401335071539506316e-05
8.110000000000000000e+02 8.366443216800689697e-05
8.120000000000000000e+02 8.331367280334234238e-05
8.130000000000000000e+02 8.296217129100114107e-05
8.140000000000000000e+02 8.258067100541666150e-05
8.150000000000000000e+02 8.224001066992059350e-05
8.160000000000000000e+02 8.185869955923408270e-05
8.170000000000000000e+02 8.148621418513357639e-05
8.180000000000000000e+02 8.108246402116492391e-05
8.190000000000000000e+02 8.073076605796813965e-05
8.200000000000000000e+02 8.034880738705396652e-05
8.210000000000000000e+02 7.997008651727810502e-05
8.220000000000000000e+02 7.959214417496696115e-05
8.230000000000000000e+02 7.919538620626553893e-05
8.240000000000000000e+02 7.883178477641195059e-05
8.250000000000000000e+02 7.846039079595357180e-05
8.260000000000000000e+02 7.807760266587138176e-05
8.270000000000000000e+02 7.773182005621492863e-05
8.280000000000000000e+02 7.739011198282241821e-05
8.290000000000000000e+02 7.703612936893478036e-05
8.300000000000000000e+02 7.669121987419202924e-05
8.310000000000000000e+02 7.635688234586268663e-05
8.320000000000000000e+02 7.602621917612850666e-05
8.330000000000000000e+02 7.573622860945761204e-05
8.340000000000000000e+02 7.542889943579211831e-05
8.350000000000000000e+02 7.511045259889215231e-05
8.360000000000000000e+02 7.482941873604431748e-05
8.370000000000000000e+02 7.455729792127385736e-05
8.380000000000000000e+02 7.429732795571908355e-05
8.390000000000000000e+02 7.407730299746617675e-05
8.400000000000000000e+02 7.382869080174714327e-05
8.410000000000000000e+02 7.358617585850879550e-05
8.420000000000000000e+02 7.333105168072506785e-05
8.430000000000000000e+02 7.310466753551736474e-05
8.440000000000000000e+02 7.287989865290001035e-05
8.450000000000000000e+02 7.265267049660906196e-05
8.460000000000000000e+02 7.243364962050691247e-05
8.470000000000000000e+02 7.223920692922547460e-05
8.480000000000000000e+02 7.205994916148483753e-05
8.490000000000000000e+02 7.190625910880044103e-05
8.500000000000000000e+02 7.186671427916735411e-05
8.510000000000000000e+02 7.208378519862890244e-05
8.520000000000000000e+02 7.300681318156421185e-05
8.530000000000000000e+02 7.535955955972895026e-05
8.540000000000000000e+02 8.222701580962166190e-05
8.550000000000000000e+02 9.580711775925010443e-05
8.560000000000000000e+02 1.355023559881374240e-04
8.570000000000000000e+02 1.625218283152207732e-04
8.580000000000000000e+02 2.290324046043679118e-04
8.590000000000000000e+02 1.204762884299270809e-04
8.600000000000000000e+02 8.048718154896050692e-05
8.610000000000000000e+02 1.143120025517418981e-04
8.620000000000000000e+02 8.877186337485909462e-05
8.630000000000000000e+02 8.072670607361942530e-05
8.640000000000000000e+02 9.621161734685301781e-05
8.650000000000000000e+02 8.032288315007463098e-05
8.660000000000000000e+02 7.905886013759300113e-05
8.670000000000000000e+02 8.484297723043709993e-05
8.680000000000000000e+02 7.500954961869865656e-05
8.690000000000000000e+02 7.417523011099547148e-05
8.700000000000000000e+02 7.775131962262094021e-05
8.710000000000000000e+02 7.322752935579046607e-05
8.720000000000000000e+02 6.994597060838714242e-05
8.730000000000000000e+02 7.111745071597397327e-05
8.740000000000000000e+02 7.265029125846922398e-05
8.750000000000000000e+02 7.297826232388615608e-05
8.760000000000000000e+02 7.163963164202868938e-05
8.770000000000000000e+02 7.028435356914997101e-05
8.780000000000000000e+02 6.894271064084023237e-05
8.790000000000000000e+02 6.818051042500883341e-05
8.800000000000000000e+02 6.786287849536165595e-05
8.810000000000000000e+02 6.782287528039887547e-05
8.820000000000000000e+02 6.796053639845922589e-05
8.830000000000000000e+02 6.821610440965741873e-05
8.840000000000000000e+02 6.857616244815289974e-05
8.850000000000000000e+02 6.894176476635038853e-05
8.860000000000000000e+02 6.955513526918366551e-05
8.870000000000000000e+02 6.990472320467233658e-05
8.880000000000000000e+02 7.072217704262584448e-05
8.890000000000000000e+02 7.132904283935204148e-05
8.900000000000000000e+02 7.301658479264006019e-05
8.910000000000000000e+02 7.414872379740700126e-05
8.920000000000000000e+02 7.766652561258524656e-05
8.930000000000000000e+02 7.910460408311337233e-05
8.940000000000000000e+02 8.333549340022727847e-05
8.950000000000000000e+02 8.135997632052749395e-05
8.960000000000000000e+02 8.100841660052537918e-05
8.970000000000000000e+02 7.463923975592479110e-05
8.980000000000000000e+02 6.997877062531188130e-05
8.990000000000000000e+02 6.643985398113727570e-05
9.000000000000000000e+02 6.568746903212741017e-05
9.010000000000000000e+02 6.654034950770437717e-05
9.020000000000000000e+02 6.755327194696292281e-05
9.030000000000000000e+02 6.827959441579878330e-05
9.040000000000000000e+02 6.812341598561033607e-05
9.050000000000000000e+02 6.804860458942130208e-05
9.060000000000000000e+02 6.755262438673526049e-05
9.070000000000000000e+02 6.736874638590961695e-05
9.080000000000000000e+02 6.692213355563580990e-05
9.090000000000000000e+02 6.692905299132689834e-05
9.100000000000000000e+02 6.708360160700976849e-05
9.110000000000000000e+02 6.820019189035519958e-05
9.120000000000000000e+02 6.972264964133501053e-05
9.130000000000000000e+02 7.347565406234934926e-05
9.140000000000000000e+02 7.711601938353851438e-05
9.150000000000000000e+02 8.570386125938966870e-05
9.160000000000000000e+02 8.747517131268978119e-05
9.170000000000000000e+02 9.305549610871821642e-05
9.180000000000000000e+02 8.235446148319169879e-05
9.190000000000000000e+02 7.407673547277227044e-05
9.200000000000000000e+02 6.590614793822169304e-05
9.210000000000000000e+02 6.465668411692604423e-05
9.220000000000000000e+02 6.828454934293404222e-05
9.230000000000000000e+02 7.151638419600203633e-05
9.240000000000000000e+02 7.345733320107683539e-05
9.250000000000000000e+02 7.071108120726421475e-05
9.260000000000000000e+02 6.803478026995435357e-05
9.270000000000000000e+02 6.493709224741905928e-05
9.280000000000000000e+02 6.333400233415886760e-05
9.290000000000000000e+02 6.315645441645756364e-05
9.300000000000000000e+02 6.381788261933252215e-05
9.310000000000000000e+02 6.498771108454093337e-05
9.320000000000000000e+02 6.644381210207939148e-05
9.330000000000000000e+02 6.940487946849316359e-05
9.340000000000000000e+02 7.283134618774056435e-05
9.350000000000000000e+02 8.066899317782372236e-05
9.360000000000000000e+02 8.537040412193164229e-05
9.370000000000000000e+02 9.765600407263264060e-05
9.380000000000000000e+02 9.166037489194422960e-05
9.390000000000000000e+02 8.745949889998883009e-05
9.400000000000000000e+02 7.035744783934205770e-05
9.410000000000000000e+02 6.329055759124457836e-05
9.420000000000000000e+02 6.636983744101598859e-05
9.430000000000000000e+02 7.068995910231024027e-05
9.440000000000000000e+02 7.169796299422159791e-05
9.450000000000000000e+02 6.672175368294119835e-05
9.460000000000000000e+02 6.304095586529001594e-05
9.470000000000000000e+02 6.218002818059176207e-05
9.480000000000000000e+02 6.351083720801398158e-05
9.490000000000000000e+02 6.543566996697336435e-05
9.500000000000000000e+02 6.653112359344959259e-05
9.510000000000000000e+02 6.809359911130741239e-05
9.520000000000000000e+02 6.832338840467855334e-05
9.530000000000000000e+02 6.991680857026949525e-05
9.540000000000000000e+02 7.026484672678634524e-05
9.550000000000000000e+02 7.283047307282686234e-05
9.560000000000000000e+02 7.289052882697433233e-05
9.570000000000000000e+02 7.540723163401708007e-05
9.580000000000000000e+02 7.311197987291961908e-05
9.590000000000000000e+02 7.204123539850115776e-05
9.600000000000000000e+02 6.743541598552837968e-05
9.610000000000000000e+02 6.437668344005942345e-05
9.620000000000000000e+02 6.197334005264565349e-05
9.630000000000000000e+02 6.100059181335382164e-05
9.640000000000000000e+02 6.102086626924574375e-05
9.650000000000000000e+02 6.161603960208594799e-05
9.660000000000000000e+02 6.259488145587965846e-05
9.670000000000000000e+02 6.362862040987238288e-05
9.680000000000000000e+02 6.533279520226642489e-05
9.690000000000000000e+02 6.689580186503008008e-05
9.700000000000000000e+02 7.073194865370169282e-05
9.710000000000000000e+02 7.411817205138504505e-05
9.720000000000000000e+02 8.371937292395159602e-05
9.730000000000000000e+02 8.812153828330338001e-05
9.740000000000000000e+02 1.012064094538800418e-04
9.750000000000000000e+02 8.978314872365444899e-05
9.760000000000000000e+02 7.997149805305525661e-05
9.770000000000000000e+02 6.436471448978409171e-05
9.780000000000000000e+02 6.243567622732371092e-05
9.790000000000000000e+02 6.926245987415313721e-05
9.800000000000000000e+02 7.081671355990692973e-05
9.810000000000000000e+02 6.801304698456078768e-05
9.820000000000000000e+02 6.250821752473711967e-05
9.830000000000000000e+02 6.020617001922801137e-05
9.840000000000000000e+02 6.111572292866185308e-05
9.850000000000000000e+02 6.342979759210720658e-05
9.860000000000000000e+02 6.616529572056606412e-05
9.870000000000000000e+02 6.755660433555021882e-05
9.880000000000000000e+02 7.092689338605850935e-05
9.890000000000000000e+02 7.282861042767763138e-05
9.900000000000000000e+02 7.915769674582406878e-05
9.910000000000000000e+02 7.964966061990708113e-05
9.920000000000000000e+02 8.403377432841807604e-05
9.930000000000000000e+02 7.628159801242873073e-05
9.940000000000000000e+02 7.004787039477378130e-05
9.950000000000000000e+02 6.215670873643830419e-05
9.960000000000000000e+02 5.971041537122800946e-05
9.970000000000000000e+02 6.165503145894035697e-05
9.980000000000000000e+02 6.412890797946602106e-05
9.990000000000000000e+02 6.561671034432947636e-05
