0.000000000000000000e+00 1.798556709289550781e+01
1.000000000000000000e+00 3.728885650634765625e+00
2.000000000000000000e+00 2.794163525104522705e-01
3.000000000000000000e+00 2.245239168405532837e-02
4.000000000000000000e+00 7.142856717109680176e-03
5.000000000000000000e+00 5.386969074606895447e-03
6.000000000000000000e+00 5.006671417504549026e-03
7.000000000000000000e+00 4.883716814219951630e-03
8.000000000000000000e+00 4.834041930735111237e-03
9.000000000000000000e+00 4.811197053641080856e-03
1.000000000000000000e+01 4.799784626811742783e-03
1.100000000000000000e+01 4.793568514287471771e-03
1.200000000000000000e+01 4.789838101714849472e-03
1.300000000000000000e+01 4.787378478795289993e-03
1.400000000000000000e+01 4.785457160323858261e-03
1.500000000000000000e+01 4.783796146512031555e-03
1.600000000000000000e+01 4.782279487699270248e-03
1.700000000000000000e+01 4.780833609402179718e-03
1.800000000000000000e+01 4.779359325766563416e-03
1.900000000000000000e+01 4.777908790856599808e-03
2.000000000000000000e+01 4.776465240865945816e-03
2.100000000000000000e+01 4.774967208504676819e-03
2.200000000000000000e+01 4.773489199578762054e-03
2.300000000000000000e+01 4.771931096911430359e-03
2.400000000000000000e+01 4.770365543663501740e-03
2.500000000000000000e+01 4.768813960254192352e-03
2.600000000000000000e+01 4.767254926264286041e-03
2.700000000000000000e+01 4.765701014548540115e-03
2.800000000000000000e+01 4.764119628816843033e-03
2.900000000000000000e+01 4.762540105730295181e-03
3.000000000000000000e+01 4.760989453643560410e-03
3.100000000000000000e+01 4.759442526847124100e-03
3.200000000000000000e+01 4.757860209792852402e-03
3.300000000000000000e+01 4.756250884383916855e-03
3.400000000000000000e+01 4.754644352942705154e-03
3.500000000000000000e+01 4.752980545163154602e-03
3.600000000000000000e+01 4.751382861286401749e-03
3.700000000000000000e+01 4.749816376715898514e-03
3.800000000000000000e+01 4.748283885419368744e-03
3.900000000000000000e+01 4.746700171381235123e-03
4.000000000000000000e+01 4.745118785649538040e-03
4.100000000000000000e+01 4.743490833789110184e-03
4.200000000000000000e+01 4.741897806525230408e-03
4.300000000000000000e+01 4.740339703857898712e-03
4.400000000000000000e+01 4.738802555948495865e-03
4.500000000000000000e+01 4.737236537039279938e-03
4.600000000000000000e+01 4.735677968710660934e-03
4.700000000000000000e+01 4.734124522656202316e-03
4.800000000000000000e+01 4.732570610940456390e-03
4.900000000000000000e+01 4.731060005724430084e-03
5.000000000000000000e+01 4.729524254798889160e-03
5.100000000000000000e+01 4.727958235889673233e-03
5.200000000000000000e+01 4.726421553641557693e-03
5.300000000000000000e+01 4.724920727312564850e-03
5.400000000000000000e+01 4.723409656435251236e-03
5.500000000000000000e+01 4.721925128251314163e-03
5.600000000000000000e+01 4.720505326986312866e-03
5.700000000000000000e+01 4.719040822237730026e-03
5.800000000000000000e+01 4.717595409601926804e-03
5.900000000000000000e+01 4.716133233159780502e-03
6.000000000000000000e+01 4.714700393378734589e-03
6.100000000000000000e+01 4.713213071227073669e-03
6.200000000000000000e+01 4.711752757430076599e-03
6.300000000000000000e+01 4.710336215794086456e-03
6.400000000000000000e+01 4.708980675786733627e-03
6.500000000000000000e+01 4.707602318376302719e-03
6.600000000000000000e+01 4.706225357949733734e-03
6.700000000000000000e+01 4.704828374087810516e-03
6.800000000000000000e+01 4.703457001596689224e-03
6.900000000000000000e+01 4.702104721218347549e-03
7.000000000000000000e+01 4.700714256614446640e-03
7.100000000000000000e+01 4.699359647929668427e-03
7.200000000000000000e+01 4.697990138083696365e-03
7.300000000000000000e+01 4.696663934737443924e-03
7.400000000000000000e+01 4.695407580584287643e-03
7.500000000000000000e+01 4.694093484431505203e-03
7.600000000000000000e+01 4.692809190601110458e-03
7.700000000000000000e+01 4.691511858254671097e-03
7.800000000000000000e+01 4.690245259553194046e-03
7.900000000000000000e+01 4.688992630690336227e-03
8.000000000000000000e+01 4.687728360295295715e-03
8.100000000000000000e+01 4.686482716351747513e-03
8.200000000000000000e+01 4.685251507908105850e-03
8.300000000000000000e+01 4.684031009674072266e-03
8.400000000000000000e+01 4.682818427681922913e-03
8.500000000000000000e+01 4.681590944528579712e-03
8.600000000000000000e+01 4.680391866713762283e-03
8.700000000000000000e+01 4.679179750382900238e-03
8.800000000000000000e+01 4.677981603890657425e-03
8.900000000000000000e+01 4.676765762269496918e-03
9.000000000000000000e+01 4.675544798374176025e-03
9.100000000000000000e+01 4.674406722187995911e-03
9.200000000000000000e+01 4.673238843679428101e-03
9.300000000000000000e+01 4.672058392316102982e-03
9.400000000000000000e+01 4.670891445130109787e-03
9.500000000000000000e+01 4.669743124395608902e-03
9.600000000000000000e+01 4.668609704822301865e-03
9.700000000000000000e+01 4.667428787797689438e-03
9.800000000000000000e+01 4.666284192353487015e-03
9.900000000000000000e+01 4.665134008973836899e-03
1.000000000000000000e+02 4.663991276174783707e-03
1.010000000000000000e+02 4.662849940359592438e-03
1.020000000000000000e+02 4.661717917770147324e-03
1.030000000000000000e+02 4.660577513277530670e-03
1.040000000000000000e+02 4.659428726881742477e-03
1.050000000000000000e+02 4.658282268792390823e-03
1.060000000000000000e+02 4.657156765460968018e-03
1.070000000000000000e+02 4.656014963984489441e-03
1.080000000000000000e+02 4.654890391975641251e-03
1.090000000000000000e+02 4.653751850128173828e-03
1.100000000000000000e+02 4.652599804103374481e-03
1.110000000000000000e+02 4.651415161788463593e-03
1.120000000000000000e+02 4.650262184441089630e-03
1.130000000000000000e+02 4.649081733077764511e-03
1.140000000000000000e+02 4.647911060601472855e-03
1.150000000000000000e+02 4.646735265851020813e-03
1.160000000000000000e+02 4.645534791052341461e-03
1.170000000000000000e+02 4.644318018108606339e-03
1.180000000000000000e+02 4.643071442842483521e-03
1.190000000000000000e+02 4.641857929527759552e-03
1.200000000000000000e+02 4.640628118067979813e-03
1.210000000000000000e+02 4.639339167624711990e-03
1.220000000000000000e+02 4.638039041310548782e-03
1.230000000000000000e+02 4.636737983673810959e-03
1.240000000000000000e+02 4.635402467101812363e-03
1.250000000000000000e+02 4.634070675820112228e-03
1.260000000000000000e+02 4.632667172700166702e-03
1.270000000000000000e+02 4.631251562386751175e-03
1.280000000000000000e+02 4.629810806363821030e-03
1.290000000000000000e+02 4.628296941518783569e-03
1.300000000000000000e+02 4.626766778528690338e-03
1.310000000000000000e+02 4.625191446393728256e-03
1.320000000000000000e+02 4.623549059033393860e-03
1.330000000000000000e+02 4.621869418770074844e-03
1.340000000000000000e+02 4.620079416781663895e-03
1.350000000000000000e+02 4.618220962584018707e-03
1.360000000000000000e+02 4.616275895386934280e-03
1.370000000000000000e+02 4.614270292222499847e-03
1.380000000000000000e+02 4.612150602042675018e-03
1.390000000000000000e+02 4.609914962202310562e-03
1.400000000000000000e+02 4.607533570379018784e-03
1.410000000000000000e+02 4.605008754879236221e-03
1.420000000000000000e+02 4.602316301316022873e-03
1.430000000000000000e+02 4.599468316882848740e-03
1.440000000000000000e+02 4.596381448209285736e-03
1.450000000000000000e+02 4.593035206198692322e-03
1.460000000000000000e+02 4.589370917528867722e-03
1.470000000000000000e+02 4.585427697747945786e-03
1.480000000000000000e+02 4.581068642437458038e-03
1.490000000000000000e+02 4.576263949275016785e-03
1.500000000000000000e+02 4.570912104099988937e-03
1.510000000000000000e+02 4.564930684864521027e-03
1.520000000000000000e+02 4.558233078569173813e-03
1.530000000000000000e+02 4.550571087747812271e-03
1.540000000000000000e+02 4.541857168078422546e-03
1.550000000000000000e+02 4.531782586127519608e-03
1.560000000000000000e+02 4.520028829574584961e-03
1.570000000000000000e+02 4.506215453147888184e-03
1.580000000000000000e+02 4.489710554480552673e-03
1.590000000000000000e+02 4.469912499189376831e-03
1.600000000000000000e+02 4.445916973054409027e-03
1.610000000000000000e+02 4.416320472955703735e-03
1.620000000000000000e+02 4.379667341709136963e-03
1.630000000000000000e+02 4.333896562457084656e-03
1.640000000000000000e+02 4.276816267520189285e-03
1.650000000000000000e+02 4.206111654639244080e-03
1.660000000000000000e+02 4.119764082133769989e-03
1.670000000000000000e+02 4.019464366137981415e-03
1.680000000000000000e+02 3.907914273440837860e-03
1.690000000000000000e+02 3.790777176618576050e-03
1.700000000000000000e+02 3.667154116556048393e-03
1.710000000000000000e+02 3.533270442858338356e-03
1.720000000000000000e+02 3.383938455954194069e-03
1.730000000000000000e+02 3.219468053430318832e-03
1.740000000000000000e+02 3.044644137844443321e-03
1.750000000000000000e+02 2.864476526156067848e-03
1.760000000000000000e+02 2.684390172362327576e-03
1.770000000000000000e+02 2.509895944967865944e-03
1.780000000000000000e+02 2.343518193811178207e-03
1.790000000000000000e+02 2.188377082347869873e-03
1.800000000000000000e+02 2.045955276116728783e-03
1.810000000000000000e+02 1.916528679430484772e-03
1.820000000000000000e+02 1.800636178813874722e-03
1.830000000000000000e+02 1.696611871011555195e-03
1.840000000000000000e+02 1.603945740498602390e-03
1.850000000000000000e+02 1.520003308542072773e-03
1.860000000000000000e+02 1.444732886739075184e-03
1.870000000000000000e+02 1.375824213027954102e-03
1.880000000000000000e+02 1.312416512519121170e-03
1.890000000000000000e+02 1.253677532076835632e-03
1.900000000000000000e+02 1.199467806145548820e-03
1.910000000000000000e+02 1.149080926552414894e-03
1.920000000000000000e+02 1.101919682696461678e-03
1.930000000000000000e+02 1.057637855410575867e-03
1.940000000000000000e+02 1.016398775391280651e-03
1.950000000000000000e+02 9.775155922397971153e-04
1.960000000000000000e+02 9.408782934769988060e-04
1.970000000000000000e+02 9.067378123290836811e-04
1.980000000000000000e+02 8.742898935452103615e-04
1.990000000000000000e+02 8.436754578724503517e-04
2.000000000000000000e+02 8.147876360453665257e-04
2.010000000000000000e+02 7.875330047681927681e-04
2.020000000000000000e+02 7.617547526024281979e-04
2.030000000000000000e+02 7.371650426648557186e-04
2.040000000000000000e+02 7.139143417589366436e-04
2.050000000000000000e+02 6.918674334883689880e-04
2.060000000000000000e+02 6.709587178193032742e-04
2.070000000000000000e+02 6.510049570351839066e-04
2.080000000000000000e+02 6.320688407868146896e-04
2.090000000000000000e+02 6.140518817119300365e-04
2.100000000000000000e+02 5.968838813714683056e-04
2.110000000000000000e+02 5.804102402180433273e-04
2.120000000000000000e+02 5.646733916364610195e-04
2.130000000000000000e+02 5.498860846273601055e-04
2.140000000000000000e+02 5.356348119676113129e-04
2.150000000000000000e+02 5.217810976319015026e-04
2.160000000000000000e+02 5.087438621558248997e-04
2.170000000000000000e+02 4.962022649124264717e-04
2.180000000000000000e+02 4.842343041673302650e-04
2.190000000000000000e+02 4.726797633338719606e-04
2.200000000000000000e+02 4.617154481820762157e-04
2.210000000000000000e+02 4.510881553869694471e-04
2.220000000000000000e+02 4.409736429806798697e-04
2.230000000000000000e+02 4.311766242608428001e-04
2.240000000000000000e+02 4.217579262331128120e-04
2.250000000000000000e+02 4.127481370232999325e-04
2.260000000000000000e+02 4.039528139401227236e-04
2.270000000000000000e+02 3.955409338232129812e-04
2.280000000000000000e+02 3.874011163134127855e-04
2.290000000000000000e+02 3.795291995629668236e-04
2.300000000000000000e+02 3.719879605341702700e-04
2.310000000000000000e+02 3.646822588052600622e-04
2.320000000000000000e+02 3.576450399123132229e-04
2.330000000000000000e+02 3.507985093165189028e-04
2.340000000000000000e+02 3.441883309278637171e-04
2.350000000000000000e+02 3.378108667675405741e-04
2.360000000000000000e+02 3.315728099551051855e-04
2.370000000000000000e+02 3.256067284382879734e-04
2.380000000000000000e+02 3.198363119736313820e-04
2.390000000000000000e+02 3.141929919365793467e-04
2.400000000000000000e+02 3.087334334850311279e-04
2.410000000000000000e+02 3.034540859516710043e-04
2.420000000000000000e+02 2.982550067827105522e-04
2.430000000000000000e+02 2.932565112132579088e-04
2.440000000000000000e+02 2.883990237023681402e-04
2.450000000000000000e+02 2.836213679984211922e-04
2.460000000000000000e+02 2.790878061205148697e-04
2.470000000000000000e+02 2.745664678514003754e-04
2.480000000000000000e+02 2.701717312447726727e-04
2.490000000000000000e+02 2.659505989868193865e-04
2.500000000000000000e+02 2.618411963339895010e-04
2.510000000000000000e+02 2.577790583018213511e-04
2.520000000000000000e+02 2.539050765335559845e-04
2.530000000000000000e+02 2.500620903447270393e-04
2.540000000000000000e+02 2.463636628817766905e-04
2.550000000000000000e+02 2.427638100925832987e-04
2.560000000000000000e+02 2.391899906797334552e-04
2.570000000000000000e+02 2.357276389375329018e-04
2.580000000000000000e+02 2.323514636373147368e-04
2.590000000000000000e+02 2.290254487888887525e-04
2.600000000000000000e+02 2.258228487335145473e-04
2.610000000000000000e+02 2.226698270533233881e-04
2.620000000000000000e+02 2.196070417994633317e-04
2.630000000000000000e+02 2.165626356145367026e-04
2.640000000000000000e+02 2.136393741238862276e-04
2.650000000000000000e+02 2.107819163938984275e-04
2.660000000000000000e+02 2.079966070596128702e-04
2.670000000000000000e+02 2.052445925073698163e-04
2.680000000000000000e+02 2.025235444307327271e-04
2.690000000000000000e+02 1.999092055484652519e-04
2.700000000000000000e+02 1.973228354472666979e-04
2.710000000000000000e+02 1.948285353137180209e-04
2.720000000000000000e+02 1.923567615449428558e-04
2.730000000000000000e+02 1.899287017295137048e-04
2.740000000000000000e+02 1.875760062830522656e-04
2.750000000000000000e+02 1.852491841418668628e-04
2.760000000000000000e+02 1.830040710046887398e-04
2.770000000000000000e+02 1.808043016353622079e-04
2.780000000000000000e+02 1.786403008736670017e-04
2.790000000000000000e+02 1.764856715453788638e-04
2.800000000000000000e+02 1.744016481097787619e-04
2.810000000000000000e+02 1.723630266496911645e-04
2.820000000000000000e+02 1.703810703475028276e-04
2.830000000000000000e+02 1.683821028564125299e-04
2.840000000000000000e+02 1.664548908593133092e-04
2.850000000000000000e+02 1.645910087972879410e-04
2.860000000000000000e+02 1.627359306439757347e-04
2.870000000000000000e+02 1.609107421245425940e-04
2.880000000000000000e+02 1.591167674632743001e-04
2.890000000000000000e+02 1.573653280502185225e-04
2.900000000000000000e+02 1.556676579639315605e-04
2.910000000000000000e+02 1.539756194688379765e-04
2.920000000000000000e+02 1.522993261460214853e-04
2.930000000000000000e+02 1.507033302914351225e-04
2.940000000000000000e+02 1.491143921157345176e-04
2.950000000000000000e+02 1.475486642448231578e-04
2.960000000000000000e+02 1.460334751754999161e-04
2.970000000000000000e+02 1.445354282623156905e-04
2.980000000000000000e+02 1.430577685823664069e-04
2.990000000000000000e+02 1.416020677424967289e-04
3.000000000000000000e+02 1.401641347911208868e-04
3.010000000000000000e+02 6.199109368026256561e-03
3.020000000000000000e+02 5.352426785975694656e-03
3.030000000000000000e+02 4.703815095126628876e-03
3.040000000000000000e+02 4.174451343715190887e-03
3.050000000000000000e+02 3.750993171706795692e-03
3.060000000000000000e+02 3.423230256885290146e-03
3.070000000000000000e+02 3.177606966346502304e-03
3.080000000000000000e+02 2.998952288180589676e-03
3.090000000000000000e+02 2.872241428121924400e-03
3.100000000000000000e+02 2.783355535939335823e-03
3.110000000000000000e+02 2.721456345170736313e-03
3.120000000000000000e+02 2.677803160622715950e-03
3.130000000000000000e+02 2.646581036970019341e-03
3.140000000000000000e+02 2.623597858473658562e-03
3.150000000000000000e+02 2.606285270303487778e-03
3.160000000000000000e+02 2.592725446447730064e-03
3.170000000000000000e+02 2.581848297268152237e-03
3.180000000000000000e+02 2.572632394731044769e-03
3.190000000000000000e+02 2.564706373959779739e-03
3.200000000000000000e+02 2.557597355917096138e-03
3.210000000000000000e+02 2.551121870055794716e-03
3.220000000000000000e+02 2.544929739087820053e-03
3.230000000000000000e+02 2.538941102102398872e-03
3.240000000000000000e+02 2.533112186938524246e-03
3.250000000000000000e+02 2.527356846258044243e-03
3.260000000000000000e+02 2.521566348150372505e-03
3.270000000000000000e+02 2.515722066164016724e-03
3.280000000000000000e+02 2.509776735678315163e-03
3.290000000000000000e+02 2.503774594515562057e-03
3.300000000000000000e+02 2.497682813555002213e-03
3.310000000000000000e+02 2.491530962288379669e-03
3.320000000000000000e+02 2.485275501385331154e-03
3.330000000000000000e+02 2.478989074006676674e-03
3.340000000000000000e+02 2.472664928063750267e-03
3.350000000000000000e+02 2.466323086991906166e-03
3.360000000000000000e+02 2.460099291056394577e-03
3.370000000000000000e+02 2.454007277265191078e-03
3.380000000000000000e+02 2.448098734021186829e-03
3.390000000000000000e+02 2.442377619445323944e-03
3.400000000000000000e+02 2.436894690617918968e-03
3.410000000000000000e+02 2.431567525491118431e-03
3.420000000000000000e+02 2.426483668386936188e-03
3.430000000000000000e+02 2.421597717329859734e-03
3.440000000000000000e+02 2.416826784610748291e-03
3.450000000000000000e+02 2.412167377769947052e-03
3.460000000000000000e+02 2.407567575573921204e-03
3.470000000000000000e+02 2.402998041361570358e-03
3.480000000000000000e+02 2.398379147052764893e-03
3.490000000000000000e+02 2.393827075138688087e-03
3.500000000000000000e+02 2.389231696724891663e-03
3.510000000000000000e+02 2.384668681770563126e-03
3.520000000000000000e+02 2.380124991759657860e-03
3.530000000000000000e+02 2.375680254772305489e-03
3.540000000000000000e+02 2.371289301663637161e-03
3.550000000000000000e+02 2.366935834288597107e-03
3.560000000000000000e+02 2.362670144066214561e-03
3.570000000000000000e+02 2.358467550948262215e-03
3.580000000000000000e+02 2.354340860620141029e-03
3.590000000000000000e+02 2.350267488509416580e-03
3.600000000000000000e+02 2.346239518374204636e-03
3.610000000000000000e+02 2.342293737456202507e-03
3.620000000000000000e+02 2.338390564545989037e-03
3.630000000000000000e+02 2.334493910893797874e-03
3.640000000000000000e+02 2.330676419660449028e-03
3.650000000000000000e+02 2.326958579942584038e-03
3.660000000000000000e+02 2.323249122127890587e-03
3.670000000000000000e+02 2.319588791579008102e-03
3.680000000000000000e+02 2.316000638529658318e-03
3.690000000000000000e+02 2.312422264367341995e-03
3.700000000000000000e+02 2.308912575244903564e-03
3.710000000000000000e+02 2.305477624759078026e-03
3.720000000000000000e+02 2.302065026015043259e-03
3.730000000000000000e+02 2.298668492585420609e-03
3.740000000000000000e+02 2.295335521921515465e-03
3.750000000000000000e+02 2.291989512741565704e-03
3.760000000000000000e+02 2.288726624101400375e-03
3.770000000000000000e+02 2.285486087203025818e-03
3.780000000000000000e+02 2.282313071191310883e-03
3.790000000000000000e+02 2.279153559356927872e-03
3.800000000000000000e+02 2.276015933603048325e-03
3.810000000000000000e+02 2.272901358082890511e-03
3.820000000000000000e+02 2.269835676997900009e-03
3.830000000000000000e+02 2.266789786517620087e-03
3.840000000000000000e+02 2.263755537569522858e-03
3.850000000000000000e+02 2.260799286887049675e-03
3.860000000000000000e+02 2.257827902212738991e-03
3.870000000000000000e+02 2.254893537610769272e-03
3.880000000000000000e+02 2.251944271847605705e-03
3.890000000000000000e+02 2.249065320938825607e-03
3.900000000000000000e+02 2.246186835691332817e-03
3.910000000000000000e+02 2.243362599983811378e-03
3.920000000000000000e+02 2.240495057776570320e-03
3.930000000000000000e+02 2.237686188891530037e-03
3.940000000000000000e+02 2.234874758869409561e-03
3.950000000000000000e+02 2.232120838016271591e-03
3.960000000000000000e+02 2.229357603937387466e-03
3.970000000000000000e+02 2.226571319624781609e-03
3.980000000000000000e+02 2.223820658400654793e-03
3.990000000000000000e+02 2.221094910055398941e-03
4.000000000000000000e+02 2.218384528532624245e-03
4.010000000000000000e+02 2.215659013018012047e-03
4.020000000000000000e+02 2.213003346696496010e-03
4.030000000000000000e+02 2.210295526310801506e-03
4.040000000000000000e+02 2.207612385973334312e-03
4.050000000000000000e+02 2.204933902248740196e-03
4.060000000000000000e+02 2.202283591032028198e-03
4.070000000000000000e+02 2.199616050347685814e-03
4.080000000000000000e+02 2.196969231590628624e-03
4.090000000000000000e+02 2.194285392761230469e-03
4.100000000000000000e+02 2.191645558923482895e-03
4.110000000000000000e+02 2.189009683206677437e-03
4.120000000000000000e+02 2.186408732086420059e-03
4.130000000000000000e+02 2.183753531426191330e-03
4.140000000000000000e+02 2.181164687499403954e-03
4.150000000000000000e+02 2.178511116653680801e-03
4.160000000000000000e+02 2.175897359848022461e-03
4.170000000000000000e+02 2.173292217776179314e-03
4.180000000000000000e+02 2.170686144381761551e-03
4.190000000000000000e+02 2.168070757761597633e-03
4.200000000000000000e+02 2.165439305827021599e-03
4.210000000000000000e+02 2.162832766771316528e-03
4.220000000000000000e+02 2.160236937925219536e-03
4.230000000000000000e+02 2.157639246433973312e-03
4.240000000000000000e+02 2.155063441023230553e-03
4.250000000000000000e+02 2.152461558580398560e-03
4.260000000000000000e+02 2.149861073121428490e-03
4.270000000000000000e+02 2.147266408428549767e-03
4.280000000000000000e+02 2.144705504179000854e-03
4.290000000000000000e+02 2.142126671969890594e-03
4.300000000000000000e+02 2.139558782801032066e-03
4.310000000000000000e+02 2.136995317414402962e-03
4.320000000000000000e+02 2.134443027898669243e-03
4.330000000000000000e+02 2.131888410076498985e-03
4.340000000000000000e+02 2.129341010004281998e-03
4.350000000000000000e+02 2.126796636730432510e-03
4.360000000000000000e+02 2.124257618561387062e-03
4.370000000000000000e+02 2.121746307238936424e-03
4.380000000000000000e+02 2.119237789884209633e-03
4.390000000000000000e+02 2.116736955940723419e-03
4.400000000000000000e+02 2.114190720021724701e-03
4.410000000000000000e+02 2.111712936311960220e-03
4.420000000000000000e+02 2.109217457473278046e-03
4.430000000000000000e+02 2.106740372255444527e-03
4.440000000000000000e+02 2.104307059198617935e-03
4.450000000000000000e+02 2.101830206811428070e-03
4.460000000000000000e+02 2.099339617416262627e-03
4.470000000000000000e+02 2.096919808536767960e-03
4.480000000000000000e+02 2.094479743391275406e-03
4.490000000000000000e+02 2.092082751914858818e-03
4.500000000000000000e+02 2.089682267978787422e-03
4.510000000000000000e+02 2.087251981720328331e-03
4.520000000000000000e+02 2.084858948364853859e-03
4.530000000000000000e+02 2.082448685541749001e-03
4.540000000000000000e+02 2.080107573419809341e-03
4.550000000000000000e+02 2.077716635540127754e-03
4.560000000000000000e+02 2.075356896966695786e-03
4.570000000000000000e+02 2.073004841804504395e-03
4.580000000000000000e+02 2.070653485134243965e-03
4.590000000000000000e+02 2.068318426609039307e-03
4.600000000000000000e+02 2.065999433398246765e-03
4.610000000000000000e+02 2.063655760139226913e-03
4.620000000000000000e+02 2.061335602775216103e-03
4.630000000000000000e+02 2.059064572677016258e-03
4.640000000000000000e+02 2.056753030046820641e-03
4.650000000000000000e+02 2.054441254585981369e-03
4.660000000000000000e+02 2.052179770544171333e-03
4.670000000000000000e+02 2.049900358542799950e-03
4.680000000000000000e+02 2.047609072178602219e-03
4.690000000000000000e+02 2.045344095677137375e-03
4.700000000000000000e+02 2.043087733909487724e-03
4.710000000000000000e+02 2.040817635133862495e-03
4.720000000000000000e+02 2.038573147729039192e-03
4.730000000000000000e+02 2.036313991993665695e-03
4.740000000000000000e+02 2.034083474427461624e-03
4.750000000000000000e+02 2.031869953498244286e-03
4.760000000000000000e+02 2.029615454375743866e-03
4.770000000000000000e+02 2.027392853051424026e-03
4.780000000000000000e+02 2.025189343839883804e-03
4.790000000000000000e+02 2.022982574999332428e-03
4.800000000000000000e+02 2.020742045715451241e-03
4.810000000000000000e+02 2.018538303673267365e-03
4.820000000000000000e+02 2.016347600147128105e-03
4.830000000000000000e+02 2.014131285250186920e-03
4.840000000000000000e+02 2.011929173022508621e-03
4.850000000000000000e+02 2.009728224948048592e-03
4.860000000000000000e+02 2.007569186389446259e-03
4.870000000000000000e+02 2.005377085879445076e-03
4.880000000000000000e+02 2.003195928409695625e-03
4.890000000000000000e+02 2.001009183004498482e-03
4.900000000000000000e+02 1.998846884816884995e-03
4.910000000000000000e+02 1.996659208089113235e-03
4.920000000000000000e+02 1.994488295167684555e-03
4.930000000000000000e+02 1.992326928302645683e-03
4.940000000000000000e+02 1.990187214687466621e-03
4.950000000000000000e+02 1.988031668588519096e-03
4.960000000000000000e+02 1.985855167731642723e-03
4.970000000000000000e+02 1.983691006898880005e-03
4.980000000000000000e+02 1.981529174372553825e-03
4.990000000000000000e+02 1.979394583031535149e-03
5.000000000000000000e+02 1.977233448997139931e-03
5.010000000000000000e+02 1.975090242922306061e-03
5.020000000000000000e+02 1.972944242879748344e-03
5.030000000000000000e+02 1.970795681700110435e-03
5.040000000000000000e+02 1.968686236068606377e-03
5.050000000000000000e+02 1.966531854122877121e-03
5.060000000000000000e+02 1.964408205822110176e-03
5.070000000000000000e+02 1.962277805432677269e-03
5.080000000000000000e+02 1.960173016414046288e-03
5.090000000000000000e+02 1.958038192242383957e-03
5.100000000000000000e+02 1.955903368070721626e-03
5.110000000000000000e+02 1.953819999471306801e-03
5.120000000000000000e+02 1.951695187017321587e-03
5.130000000000000000e+02 1.949589001014828682e-03
5.140000000000000000e+02 1.947506912983953953e-03
5.150000000000000000e+02 1.945390016771852970e-03
5.160000000000000000e+02 1.943294773809611797e-03
5.170000000000000000e+02 1.941192778758704662e-03
5.180000000000000000e+02 1.939132111147046089e-03
5.190000000000000000e+02 1.937042339704930782e-03
5.200000000000000000e+02 1.934958621859550476e-03
5.210000000000000000e+02 1.932905754074454308e-03
5.220000000000000000e+02 1.930824946612119675e-03
5.230000000000000000e+02 1.928783254697918892e-03
5.240000000000000000e+02 1.926724566146731377e-03
5.250000000000000000e+02 1.924681593663990498e-03
5.260000000000000000e+02 1.922641880810260773e-03
5.270000000000000000e+02 1.920606126077473164e-03
5.280000000000000000e+02 1.918606343679130077e-03
5.290000000000000000e+02 1.916598295792937279e-03
5.300000000000000000e+02 1.914578606374561787e-03
5.310000000000000000e+02 1.912586623802781105e-03
5.320000000000000000e+02 1.910619204863905907e-03
5.330000000000000000e+02 1.908639329485595226e-03
5.340000000000000000e+02 1.906641293317079544e-03
5.350000000000000000e+02 1.904706237837672234e-03
5.360000000000000000e+02 1.902791322208940983e-03
5.370000000000000000e+02 1.900866860523819923e-03
5.380000000000000000e+02 1.898964168503880501e-03
5.390000000000000000e+02 1.897052279673516750e-03
5.400000000000000000e+02 1.895200926810503006e-03
5.410000000000000000e+02 1.893318025395274162e-03
5.420000000000000000e+02 1.891482039354741573e-03
5.430000000000000000e+02 1.889599254354834557e-03
5.440000000000000000e+02 1.887834863737225533e-03
5.450000000000000000e+02 1.886012265458703041e-03
5.460000000000000000e+02 1.884225523099303246e-03
5.470000000000000000e+02 1.882428303360939026e-03
5.480000000000000000e+02 1.880704308860003948e-03
5.490000000000000000e+02 1.878989161923527718e-03
5.500000000000000000e+02 1.877268776297569275e-03
5.510000000000000000e+02 1.875594723969697952e-03
5.520000000000000000e+02 1.873898319900035858e-03
5.530000000000000000e+02 1.872233580797910690e-03
5.540000000000000000e+02 1.870633335784077644e-03
5.550000000000000000e+02 1.869030063971877098e-03
5.560000000000000000e+02 1.867436221800744534e-03
5.570000000000000000e+02 1.865863101556897163e-03
5.580000000000000000e+02 1.864328049123287201e-03
5.590000000000000000e+02 1.862806850112974644e-03
5.600000000000000000e+02 1.861314289271831512e-03
5.610000000000000000e+02 1.859826734289526939e-03
5.620000000000000000e+02 1.858342671766877174e-03
5.630000000000000000e+02 1.856912509538233280e-03
5.640000000000000000e+02 1.855511683970689774e-03
5.650000000000000000e+02 1.854106434620916843e-03
5.660000000000000000e+02 1.852734945714473724e-03
5.670000000000000000e+02 1.851368928328156471e-03
5.680000000000000000e+02 1.850040745921432972e-03
5.690000000000000000e+02 1.848693587817251682e-03
5.700000000000000000e+02 1.847391715273261070e-03
5.710000000000000000e+02 1.846121507696807384e-03
5.720000000000000000e+02 1.844864571467041969e-03
5.730000000000000000e+02 1.843620091676712036e-03
5.740000000000000000e+02 1.842389814555644989e-03
5.750000000000000000e+02 1.841187011450529099e-03
5.760000000000000000e+02 1.840006676502525806e-03
5.770000000000000000e+02 1.838830998167395592e-03
5.780000000000000000e+02 1.837686635553836823e-03
5.790000000000000000e+02 1.836558105424046516e-03
5.800000000000000000e+02 1.835428294725716114e-03
5.810000000000000000e+02 1.834315015003085136e-03
5.820000000000000000e+02 1.833239337429404259e-03
5.830000000000000000e+02 1.832162379287183285e-03
5.840000000000000000e+02 1.831122906878590584e-03
5.850000000000000000e+02 1.830079010687768459e-03
5.860000000000000000e+02 1.829039887525141239e-03
5.870000000000000000e+02 1.828009961172938347e-03
5.880000000000000000e+02 1.827041502110660076e-03
5.890000000000000000e+02 1.826043589971959591e-03
5.900000000000000000e+02 1.825078157708048820e-03
5.910000000000000000e+02 1.824109232984483242e-03
5.920000000000000000e+02 1.823186292313039303e-03
5.930000000000000000e+02 1.822217716835439205e-03
5.940000000000000000e+02 1.821315148845314980e-03
5.950000000000000000e+02 1.820413162931799889e-03
5.960000000000000000e+02 1.819509547203779221e-03
5.970000000000000000e+02 1.818637363612651825e-03
5.980000000000000000e+02 1.817760290578007698e-03
5.990000000000000000e+02 1.816879725083708763e-03
6.000000000000000000e+02 1.816037925891578197e-03
6.010000000000000000e+02 1.815203460864722729e-03
6.020000000000000000e+02 1.814347342588007450e-03
6.030000000000000000e+02 1.813525916077196598e-03
6.040000000000000000e+02 1.812701928429305553e-03
6.050000000000000000e+02 1.811917405575513840e-03
6.060000000000000000e+02 1.811103778891265392e-03
6.070000000000000000e+02 1.810311921872198582e-03
6.080000000000000000e+02 1.809535198844969273e-03
6.090000000000000000e+02 1.808759407140314579e-03
6.100000000000000000e+02 1.807986758649349213e-03
6.110000000000000000e+02 1.807254739105701447e-03
6.120000000000000000e+02 1.806481857784092426e-03
6.130000000000000000e+02 1.805751002393662930e-03
6.140000000000000000e+02 1.805000123567879200e-03
6.150000000000000000e+02 1.804269151762127876e-03
6.160000000000000000e+02 1.803548773750662804e-03
6.170000000000000000e+02 1.802846672944724560e-03
6.180000000000000000e+02 1.802130253054201603e-03
6.190000000000000000e+02 1.801439328119158745e-03
6.200000000000000000e+02 1.800732919946312904e-03
6.210000000000000000e+02 1.800023717805743217e-03
6.220000000000000000e+02 1.799345947802066803e-03
6.230000000000000000e+02 1.798672368749976158e-03
6.240000000000000000e+02 1.797991455532610416e-03
6.250000000000000000e+02 1.797322416678071022e-03
6.260000000000000000e+02 1.796668977476656437e-03
6.270000000000000000e+02 1.796013442799448967e-03
6.280000000000000000e+02 1.795351738110184669e-03
6.290000000000000000e+02 1.794721465557813644e-03
6.300000000000000000e+02 1.794077339582145214e-03
6.310000000000000000e+02 1.793454284779727459e-03
6.320000000000000000e+02 1.792828203178942204e-03
6.330000000000000000e+02 1.792200957424938679e-03
6.340000000000000000e+02 1.791593385860323906e-03
6.350000000000000000e+02 1.790980692021548748e-03
6.360000000000000000e+02 1.790390117093920708e-03
6.370000000000000000e+02 1.789792673662304878e-03
6.380000000000000000e+02 1.789213856682181358e-03
6.390000000000000000e+02 1.788626308552920818e-03
6.400000000000000000e+02 1.788055291399359703e-03
6.410000000000000000e+02 1.787500805221498013e-03
6.420000000000000000e+02 1.786920242011547089e-03
6.430000000000000000e+02 1.786371227353811264e-03
6.440000000000000000e+02 1.785815809853374958e-03
6.450000000000000000e+02 1.785276923328638077e-03
6.460000000000000000e+02 1.784731168299913406e-03
6.470000000000000000e+02 1.784209278412163258e-03
6.480000000000000000e+02 1.783671672455966473e-03
6.490000000000000000e+02 1.783174346201121807e-03
6.500000000000000000e+02 1.782677252776920795e-03
6.510000000000000000e+02 1.782151637598872185e-03
6.520000000000000000e+02 1.781672588549554348e-03
6.530000000000000000e+02 1.781164319254457951e-03
6.540000000000000000e+02 1.780676073394715786e-03
6.550000000000000000e+02 1.780197373591363430e-03
6.560000000000000000e+02 1.779691781848669052e-03
6.570000000000000000e+02 1.779237994924187660e-03
6.580000000000000000e+02 1.778750214725732803e-03
6.590000000000000000e+02 1.778284087777137756e-03
6.600000000000000000e+02 1.777822268195450306e-03
6.610000000000000000e+02 1.777376397512853146e-03
6.620000000000000000e+02 1.776914112269878387e-03
6.630000000000000000e+02 1.776458113454282284e-03
6.640000000000000000e+02 1.776013639755547047e-03
6.650000000000000000e+02 1.775597338564693928e-03
6.660000000000000000e+02 1.775130745954811573e-03
6.670000000000000000e+02 1.774692907929420471e-03
6.680000000000000000e+02 1.774264848791062832e-03
6.690000000000000000e+02 1.773844007402658463e-03
6.700000000000000000e+02 1.773401047103106976e-03
6.710000000000000000e+02 1.772980554960668087e-03
6.720000000000000000e+02 1.772572635672986507e-03
6.730000000000000000e+02 1.772164716385304928e-03
6.740000000000000000e+02 1.771753188222646713e-03
6.750000000000000000e+02 1.771326642483472824e-03
6.760000000000000000e+02 1.770930713973939419e-03
6.770000000000000000e+02 1.770528964698314667e-03
6.780000000000000000e+02 1.770128030329942703e-03
6.790000000000000000e+02 1.769728143699467182e-03
6.800000000000000000e+02 1.769345952197909355e-03
6.810000000000000000e+02 1.768976566381752491e-03
6.820000000000000000e+02 1.768565620295703411e-03
6.830000000000000000e+02 1.768226618878543377e-03
6.840000000000000000e+02 1.767856185324490070e-03
6.850000000000000000e+02 1.767499838024377823e-03
6.860000000000000000e+02 1.767132431268692017e-03
6.870000000000000000e+02 1.766775967553257942e-03
6.880000000000000000e+02 1.766424160450696945e-03
6.890000000000000000e+02 1.766098663210868835e-03
6.900000000000000000e+02 1.765747205354273319e-03
6.910000000000000000e+02 1.765432767570018768e-03
6.920000000000000000e+02 1.765108783729374409e-03
6.930000000000000000e+02 1.764783053658902645e-03
6.940000000000000000e+02 1.764457323588430882e-03
6.950000000000000000e+02 1.764158485457301140e-03
6.960000000000000000e+02 1.763836015015840530e-03
6.970000000000000000e+02 1.763537060469388962e-03
6.980000000000000000e+02 1.763239619322121143e-03
6.990000000000000000e+02 1.762941828928887844e-03
7.000000000000000000e+02 1.762652304023504257e-03
7.010000000000000000e+02 1.762357889674603939e-03
7.020000000000000000e+02 1.762075466103851795e-03
7.030000000000000000e+02 1.761768013238906860e-03
7.040000000000000000e+02 1.761474413797259331e-03
7.050000000000000000e+02 1.761221326887607574e-03
7.060000000000000000e+02 1.760935992933809757e-03
7.070000000000000000e+02 1.760674989782273769e-03
7.080000000000000000e+02 1.760357059538364410e-03
7.090000000000000000e+02 1.760099432431161404e-03
7.100000000000000000e+02 1.759832608513534069e-03
7.110000000000000000e+02 1.759552164003252983e-03
7.120000000000000000e+02 1.759278471581637859e-03
7.130000000000000000e+02 1.759010367095470428e-03
7.140000000000000000e+02 1.758729689754545689e-03
7.150000000000000000e+02 1.758476020768284798e-03
7.160000000000000000e+02 1.758212107233703136e-03
7.170000000000000000e+02 1.757957856170833111e-03
7.180000000000000000e+02 1.757679856382310390e-03
7.190000000000000000e+02 1.757414778694510460e-03
7.200000000000000000e+02 1.757175079546868801e-03
7.210000000000000000e+02 1.756917568854987621e-03
7.220000000000000000e+02 1.756652141921222210e-03
7.230000000000000000e+02 1.756393467076122761e-03
7.240000000000000000e+02 1.756128505803644657e-03
7.250000000000000000e+02 1.755877747200429440e-03
7.260000000000000000e+02 1.755638164468109608e-03
7.270000000000000000e+02 1.755372155457735062e-03
7.280000000000000000e+02 1.755135948769748211e-03
7.290000000000000000e+02 1.754875294864177704e-03
7.300000000000000000e+02 1.754616969265043736e-03
7.310000000000000000e+02 1.754357479512691498e-03
7.320000000000000000e+02 1.754114637151360512e-03
7.330000000000000000e+02 1.753879245370626450e-03
7.340000000000000000e+02 1.753624877892434597e-03
7.350000000000000000e+02 1.753380638547241688e-03
7.360000000000000000e+02 1.753138843923807144e-03
7.370000000000000000e+02 1.752890879288315773e-03
7.380000000000000000e+02 1.752657582983374596e-03
7.390000000000000000e+02 1.752427546307444572e-03
7.400000000000000000e+02 1.752163749188184738e-03
7.410000000000000000e+02 1.751916715875267982e-03
7.420000000000000000e+02 1.751663396134972572e-03
7.430000000000000000e+02 1.751415547914803028e-03
7.440000000000000000e+02 1.751205883920192719e-03
7.450000000000000000e+02 1.750972704030573368e-03
7.460000000000000000e+02 1.750709605403244495e-03
7.470000000000000000e+02 1.750458497554063797e-03
7.480000000000000000e+02 1.750223571434617043e-03
7.490000000000000000e+02 1.749992370605468750e-03
7.500000000000000000e+02 1.749755116179585457e-03
7.510000000000000000e+02 1.749502262100577354e-03
7.520000000000000000e+02 1.749276882037520409e-03
7.530000000000000000e+02 1.749022398144006729e-03
7.540000000000000000e+02 1.748748123645782471e-03
7.550000000000000000e+02 1.748526236042380333e-03
7.560000000000000000e+02 1.748265814967453480e-03
7.570000000000000000e+02 1.748032867908477783e-03
7.580000000000000000e+02 1.747798058204352856e-03
7.590000000000000000e+02 1.747623784467577934e-03
7.600000000000000000e+02 1.747473375871777534e-03
7.610000000000000000e+02 1.747423782944679260e-03
7.620000000000000000e+02 1.747411442920565605e-03
7.630000000000000000e+02 1.747455331496894360e-03
7.640000000000000000e+02 1.747384550981223583e-03
7.650000000000000000e+02 1.747173140756785870e-03
7.660000000000000000e+02 1.746686990372836590e-03
7.670000000000000000e+02 1.746054971590638161e-03
7.680000000000000000e+02 1.745490590110421181e-03
7.690000000000000000e+02 1.745140529237687588e-03
7.700000000000000000e+02 1.744993496686220169e-03
7.710000000000000000e+02 1.744886161759495735e-03
7.720000000000000000e+02 1.744739129208028316e-03
7.730000000000000000e+02 1.744537730701267719e-03
7.740000000000000000e+02 1.744234003126621246e-03
7.750000000000000000e+02 1.743886736221611500e-03
7.760000000000000000e+02 1.743562053889036179e-03
7.770000000000000000e+02 1.743217930197715759e-03
7.780000000000000000e+02 1.742952968925237656e-03
7.790000000000000000e+02 1.742708613164722919e-03
7.800000000000000000e+02 1.742458436638116837e-03
7.810000000000000000e+02 1.742225838825106621e-03
7.820000000000000000e+02 1.741961576044559479e-03
7.830000000000000000e+02 1.741705345921218395e-03
7.840000000000000000e+02 1.741461688652634621e-03
7.850000000000000000e+02 1.741210347972810268e-03
7.860000000000000000e+02 1.740944455377757549e-03
7.870000000000000000e+02 1.740675303153693676e-03
7.880000000000000000e+02 1.740449690259993076e-03
7.890000000000000000e+02 1.740232575684785843e-03
7.900000000000000000e+02 1.740026287734508514e-03
7.910000000000000000e+02 1.739841070957481861e-03
7.920000000000000000e+02 1.739705447107553482e-03
7.930000000000000000e+02 1.739693572744727135e-03
7.940000000000000000e+02 1.739846426062285900e-03
7.950000000000000000e+02 1.740281935781240463e-03
7.960000000000000000e+02 1.740737003274261951e-03
7.970000000000000000e+02 1.741256797686219215e-03
7.980000000000000000e+02 1.740831183269619942e-03
7.990000000000000000e+02 1.739812665618956089e-03
8.000000000000000000e+02 1.738291583023965359e-03
8.010000000000000000e+02 1.737354090437293053e-03
8.020000000000000000e+02 1.737212878651916981e-03
8.030000000000000000e+02 1.737530925311148167e-03
8.040000000000000000e+02 1.737726852297782898e-03
8.050000000000000000e+02 1.737245125696063042e-03
8.060000000000000000e+02 1.736518694087862968e-03
8.070000000000000000e+02 1.735997968353331089e-03
8.080000000000000000e+02 1.735837198793888092e-03
8.090000000000000000e+02 1.735856640152633190e-03
8.100000000000000000e+02 1.735772937536239624e-03
8.110000000000000000e+02 1.735512516461312771e-03
8.120000000000000000e+02 1.735131721943616867e-03
8.130000000000000000e+02 1.734787947498261929e-03
8.140000000000000000e+02 1.734517747536301613e-03
8.150000000000000000e+02 1.734346267767250538e-03
8.160000000000000000e+02 1.734201330691576004e-03
8.170000000000000000e+02 1.734115299768745899e-03
8.180000000000000000e+02 1.734070130623877048e-03
8.190000000000000000e+02 1.733987010084092617e-03
8.200000000000000000e+02 1.733870129100978374e-03
8.210000000000000000e+02 1.733612967655062675e-03
8.220000000000000000e+02 1.733321463689208031e-03
8.230000000000000000e+02 1.733004814013838768e-03
8.240000000000000000e+02 1.732706907205283642e-03
8.250000000000000000e+02 1.732436940073966980e-03
8.260000000000000000e+02 1.732232049107551575e-03
8.270000000000000000e+02 1.731998054310679436e-03
8.280000000000000000e+02 1.731815980747342110e-03
8.290000000000000000e+02 1.731650438159704208e-03
8.300000000000000000e+02 1.731508527882397175e-03
8.310000000000000000e+02 1.731370692141354084e-03
8.320000000000000000e+02 1.731243333779275417e-03
8.330000000000000000e+02 1.731166965328156948e-03
8.340000000000000000e+02 1.731182681396603584e-03
8.350000000000000000e+02 1.731250435113906860e-03
8.360000000000000000e+02 1.731517142616212368e-03
8.370000000000000000e+02 1.731876865960657597e-03
8.380000000000000000e+02 1.732632284983992577e-03
8.390000000000000000e+02 1.733270823024213314e-03
8.400000000000000000e+02 1.734271994791924953e-03
8.410000000000000000e+02 1.734031713567674160e-03
8.420000000000000000e+02 1.733268843963742256e-03
8.430000000000000000e+02 1.731130876578390598e-03
8.440000000000000000e+02 1.729496405459940434e-03
8.450000000000000000e+02 1.728924107737839222e-03
8.460000000000000000e+02 1.729175332002341747e-03
8.470000000000000000e+02 1.729520270600914955e-03
8.480000000000000000e+02 1.729462761431932449e-03
8.490000000000000000e+02 1.729119685478508472e-03
8.500000000000000000e+02 1.728547620587050915e-03
8.510000000000000000e+02 1.728114322759211063e-03
8.520000000000000000e+02 1.727869734168052673e-03
8.530000000000000000e+02 1.727849245071411133e-03
8.540000000000000000e+02 1.727843540720641613e-03
8.550000000000000000e+02 1.727766939438879490e-03
8.560000000000000000e+02 1.727572525851428509e-03
8.570000000000000000e+02 1.727348892018198967e-03
8.580000000000000000e+02 1.727157738059759140e-03
8.590000000000000000e+02 1.726962625980377197e-03
8.600000000000000000e+02 1.726763905026018620e-03
8.610000000000000000e+02 1.726586837321519852e-03
8.620000000000000000e+02 1.726452610455453396e-03
8.630000000000000000e+02 1.726349932141602039e-03
8.640000000000000000e+02 1.726211863569915295e-03
8.650000000000000000e+02 1.726095681078732014e-03
8.660000000000000000e+02 1.725954934954643250e-03
8.670000000000000000e+02 1.725816749967634678e-03
8.680000000000000000e+02 1.725705340504646301e-03
8.690000000000000000e+02 1.725568436086177826e-03
8.700000000000000000e+02 1.725442009046673775e-03
8.710000000000000000e+02 1.725363195873796940e-03
8.720000000000000000e+02 1.725271344184875488e-03
8.730000000000000000e+02 1.725167268887162209e-03
8.740000000000000000e+02 1.725102309137582779e-03
8.750000000000000000e+02 1.725057489238679409e-03
8.760000000000000000e+02 1.724957721307873726e-03
8.770000000000000000e+02 1.724906265735626221e-03
8.780000000000000000e+02 1.724879024550318718e-03
8.790000000000000000e+02 1.724939676932990551e-03
8.800000000000000000e+02 1.725049456581473351e-03
8.810000000000000000e+02 1.725313952192664146e-03
8.820000000000000000e+02 1.725781359709799290e-03
8.830000000000000000e+02 1.726942136883735657e-03
8.840000000000000000e+02 1.728548901155591011e-03
8.850000000000000000e+02 1.731314579956233501e-03
8.860000000000000000e+02 1.731609459966421127e-03
8.870000000000000000e+02 1.730789430439472198e-03
8.880000000000000000e+02 1.726472284644842148e-03
8.890000000000000000e+02 1.723532564938068390e-03
8.900000000000000000e+02 1.723311608657240868e-03
8.910000000000000000e+02 1.724634203128516674e-03
8.920000000000000000e+02 1.725401147268712521e-03
8.930000000000000000e+02 1.724394271150231361e-03
8.940000000000000000e+02 1.723135123029351234e-03
8.950000000000000000e+02 1.722512417472898960e-03
8.960000000000000000e+02 1.722640707157552242e-03
8.970000000000000000e+02 1.723023713566362858e-03
8.980000000000000000e+02 1.723092864267528057e-03
8.990000000000000000e+02 1.722863293252885342e-03
9.000000000000000000e+02 1.722441520541906357e-03
9.010000000000000000e+02 1.722032553516328335e-03
9.020000000000000000e+02 1.721786451525986195e-03
9.030000000000000000e+02 1.721744774840772152e-03
9.040000000000000000e+02 1.721760840155184269e-03
9.050000000000000000e+02 1.721683540381491184e-03
9.060000000000000000e+02 1.721544656902551651e-03
9.070000000000000000e+02 1.721370266750454903e-03
9.080000000000000000e+02 1.721201348118484020e-03
9.090000000000000000e+02 1.721075619570910931e-03
9.100000000000000000e+02 1.720998203381896019e-03
9.110000000000000000e+02 1.720908796414732933e-03
9.120000000000000000e+02 1.720815082080662251e-03
9.130000000000000000e+02 1.720721600577235222e-03
9.140000000000000000e+02 1.720614498481154442e-03
9.150000000000000000e+02 1.720494823530316353e-03
9.160000000000000000e+02 1.720387022942304611e-03
9.170000000000000000e+02 1.720327651128172874e-03
9.180000000000000000e+02 1.720202621072530746e-03
9.190000000000000000e+02 1.720129163004457951e-03
9.200000000000000000e+02 1.720035215839743614e-03
9.210000000000000000e+02 1.719929045066237450e-03
9.220000000000000000e+02 1.719853724353015423e-03
9.230000000000000000e+02 1.719746855087578297e-03
9.240000000000000000e+02 1.719651394523680210e-03
9.250000000000000000e+02 1.719564781524240971e-03
9.260000000000000000e+02 1.719514024443924427e-03
9.270000000000000000e+02 1.719483057968318462e-03
9.280000000000000000e+02 1.719475374557077885e-03
9.290000000000000000e+02 1.719584921374917030e-03
9.300000000000000000e+02 1.719804015010595322e-03
9.310000000000000000e+02 1.720292842946946621e-03
9.320000000000000000e+02 1.720847212709486485e-03
9.330000000000000000e+02 1.721832435578107834e-03
9.340000000000000000e+02 1.722689950838685036e-03
9.350000000000000000e+02 1.724122324958443642e-03
9.360000000000000000e+02 1.724468311294913292e-03
9.370000000000000000e+02 1.724881120026111603e-03
9.380000000000000000e+02 1.722876681014895439e-03
9.390000000000000000e+02 1.720915199257433414e-03
9.400000000000000000e+02 1.719042076729238033e-03
9.410000000000000000e+02 1.718206563964486122e-03
9.420000000000000000e+02 1.718234270811080933e-03
9.430000000000000000e+02 1.718693180009722710e-03
9.440000000000000000e+02 1.719123218208551407e-03
9.450000000000000000e+02 1.719168154522776604e-03
9.460000000000000000e+02 1.719020074233412743e-03
9.470000000000000000e+02 1.718605053611099720e-03
9.480000000000000000e+02 1.718183513730764389e-03
9.490000000000000000e+02 1.717745908536016941e-03
9.500000000000000000e+02 1.717437990009784698e-03
9.510000000000000000e+02 1.717367558740079403e-03
9.520000000000000000e+02 1.717323088087141514e-03
9.530000000000000000e+02 1.717377337627112865e-03
9.540000000000000000e+02 1.717401319183409214e-03
9.550000000000000000e+02 1.717383274808526039e-03
9.560000000000000000e+02 1.717312494292855263e-03
9.570000000000000000e+02 1.717194216325879097e-03
9.580000000000000000e+02 1.717054285109043121e-03
9.590000000000000000e+02 1.716947997920215130e-03
9.600000000000000000e+02 1.716793980449438095e-03
9.610000000000000000e+02 1.716700033284723759e-03
9.620000000000000000e+02 1.716578844934701920e-03
9.630000000000000000e+02 1.716468483209609985e-03
9.640000000000000000e+02 1.716345315799117088e-03
9.650000000000000000e+02 1.716238795779645443e-03
9.660000000000000000e+02 1.716131577268242836e-03
9.670000000000000000e+02 1.716035068966448307e-03
9.680000000000000000e+02 1.715964754112064838e-03
9.690000000000000000e+02 1.715897000394761562e-03
9.700000000000000000e+02 1.715800724923610687e-03
9.710000000000000000e+02 1.715725054964423180e-03
9.720000000000000000e+02 1.715663122013211250e-03
9.730000000000000000e+02 1.715580583550035954e-03
9.740000000000000000e+02 1.715500140562653542e-03
9.750000000000000000e+02 1.715449965558946133e-03
9.760000000000000000e+02 1.715422142297029495e-03
9.770000000000000000e+02 1.715505030006170273e-03
9.780000000000000000e+02 1.715735765174031258e-03
9.790000000000000000e+02 1.716213300824165344e-03
9.800000000000000000e+02 1.717153238132596016e-03
9.810000000000000000e+02 1.718544517643749714e-03
9.820000000000000000e+02 1.721233129501342773e-03
9.830000000000000000e+02 1.723587163724005222e-03
9.840000000000000000e+02 1.726993708871304989e-03
9.850000000000000000e+02 1.724472153000533581e-03
9.860000000000000000e+02 1.721122302114963531e-03
9.870000000000000000e+02 1.716442289762198925e-03
9.880000000000000000e+02 1.714541460387408733e-03
9.890000000000000000e+02 1.715143327601253986e-03
9.900000000000000000e+02 1.716532162390649319e-03
9.910000000000000000e+02 1.717348932288587093e-03
9.920000000000000000e+02 1.716466504149138927e-03
9.930000000000000000e+02 1.715199090540409088e-03
9.940000000000000000e+02 1.714246813207864761e-03
9.950000000000000000e+02 1.714043086394667625e-03
9.960000000000000000e+02 1.714350655674934387e-03
9.970000000000000000e+02 1.714653219096362591e-03
9.980000000000000000e+02 1.714738085865974426e-03
9.990000000000000000e+02 1.714458805508911610e-03
