0.000000000000000000e+00 2.281205368041992188e+01
1.000000000000000000e+00 9.378079414367675781e+00
2.000000000000000000e+00 2.288177251815795898e+00
3.000000000000000000e+00 3.280941843986511230e-01
4.000000000000000000e+00 6.717081367969512939e-02
5.000000000000000000e+00 3.353920578956604004e-02
6.000000000000000000e+00 2.682635560631752014e-02
7.000000000000000000e+00 2.480083517730236053e-02
8.000000000000000000e+00 2.399697154760360718e-02
9.000000000000000000e+00 2.361282892525196075e-02
1.000000000000000000e+01 2.340064197778701782e-02
1.100000000000000000e+01 2.326683513820171356e-02
1.200000000000000000e+01 2.316866256296634674e-02
1.300000000000000000e+01 2.309007383882999420e-02
1.400000000000000000e+01 2.301990613341331482e-02
1.500000000000000000e+01 2.295469678938388824e-02
1.600000000000000000e+01 2.289269492030143738e-02
1.700000000000000000e+01 2.283266745507717133e-02
1.800000000000000000e+01 2.277470193803310394e-02
1.900000000000000000e+01 2.271700464189052582e-02
2.000000000000000000e+01 2.266056463122367859e-02
2.100000000000000000e+01 2.260528132319450378e-02
2.200000000000000000e+01 2.255052514374256134e-02
2.300000000000000000e+01 2.249717339873313904e-02
2.400000000000000000e+01 2.244421653449535370e-02
2.500000000000000000e+01 2.239174768328666687e-02
2.600000000000000000e+01 2.233998104929924011e-02
2.700000000000000000e+01 2.228803187608718872e-02
2.800000000000000000e+01 2.223682776093482971e-02
2.900000000000000000e+01 2.218596264719963074e-02
3.000000000000000000e+01 2.213470451533794403e-02
3.100000000000000000e+01 2.208315022289752960e-02
3.200000000000000000e+01 2.203104272484779358e-02
3.300000000000000000e+01 2.197741344571113586e-02
3.400000000000000000e+01 2.192259393632411957e-02
3.500000000000000000e+01 2.186582796275615692e-02
3.600000000000000000e+01 2.180709317326545715e-02
3.700000000000000000e+01 2.174502424895763397e-02
3.800000000000000000e+01 2.167925424873828888e-02
3.900000000000000000e+01 2.160821110010147095e-02
4.000000000000000000e+01 2.153095416724681854e-02
4.100000000000000000e+01 2.144611440598964691e-02
4.200000000000000000e+01 2.135158143937587738e-02
4.300000000000000000e+01 2.124449051916599274e-02
4.400000000000000000e+01 2.112189121544361115e-02
4.500000000000000000e+01 2.098025009036064148e-02
4.600000000000000000e+01 2.081496641039848328e-02
4.700000000000000000e+01 2.062137611210346222e-02
4.800000000000000000e+01 2.039450965821743011e-02
4.900000000000000000e+01 2.013118751347064972e-02
5.000000000000000000e+01 1.982626877725124359e-02
5.100000000000000000e+01 1.947827450931072235e-02
5.200000000000000000e+01 1.908035576343536377e-02
5.300000000000000000e+01 1.862288638949394226e-02
5.400000000000000000e+01 1.809781789779663086e-02
5.500000000000000000e+01 1.750302128493785858e-02
5.600000000000000000e+01 1.683737523853778839e-02
5.700000000000000000e+01 1.611057668924331665e-02
5.800000000000000000e+01 1.533889397978782654e-02
5.900000000000000000e+01 1.453969813883304596e-02
6.000000000000000000e+01 1.373600959777832031e-02
6.100000000000000000e+01 1.294952165335416794e-02
6.200000000000000000e+01 1.220147870481014252e-02
6.300000000000000000e+01 1.150411088019609451e-02
6.400000000000000000e+01 1.086284872144460678e-02
6.500000000000000000e+01 1.027588918805122375e-02
6.600000000000000000e+01 9.738252498209476471e-03
6.700000000000000000e+01 9.244685061275959015e-03
6.800000000000000000e+01 8.785912767052650452e-03
6.900000000000000000e+01 8.357008919119834900e-03
7.000000000000000000e+01 7.954866625368595123e-03
7.100000000000000000e+01 7.575470022857189178e-03
7.200000000000000000e+01 7.216399535536766052e-03
7.300000000000000000e+01 6.875881459563970566e-03
7.400000000000000000e+01 6.555834319442510605e-03
7.500000000000000000e+01 6.250504404306411743e-03
7.600000000000000000e+01 5.963594652712345123e-03
7.700000000000000000e+01 5.690963938832283020e-03
7.800000000000000000e+01 5.435122642666101456e-03
7.900000000000000000e+01 5.193470977246761322e-03
8.000000000000000000e+01 4.965619184076786041e-03
8.100000000000000000e+01 4.751936532557010651e-03
8.200000000000000000e+01 4.550404381006956100e-03
8.300000000000000000e+01 4.360783379524946213e-03
8.400000000000000000e+01 4.182445351034402847e-03
8.500000000000000000e+01 4.015388898551464081e-03
8.600000000000000000e+01 3.858443582430481911e-03
8.700000000000000000e+01 3.710621502250432968e-03
8.800000000000000000e+01 3.571517998352646828e-03
8.900000000000000000e+01 3.440879285335540771e-03
9.000000000000000000e+01 3.317657392472028732e-03
9.100000000000000000e+01 3.201970132067799568e-03
9.200000000000000000e+01 3.092085011303424835e-03
9.300000000000000000e+01 2.988725434988737106e-03
9.400000000000000000e+01 2.890894887968897820e-03
9.500000000000000000e+01 2.798367757350206375e-03
9.600000000000000000e+01 2.710561268031597137e-03
9.700000000000000000e+01 2.627494279295206070e-03
9.800000000000000000e+01 2.548192162066698074e-03
9.900000000000000000e+01 2.472704509273171425e-03
1.000000000000000000e+02 2.401896053925156593e-03
1.010000000000000000e+02 2.333149313926696777e-03
1.020000000000000000e+02 2.268610754981637001e-03
1.030000000000000000e+02 2.206659410148859024e-03
1.040000000000000000e+02 2.147160237655043602e-03
1.050000000000000000e+02 2.090248977765440941e-03
1.060000000000000000e+02 2.036215271800756454e-03
1.070000000000000000e+02 1.984149450436234474e-03
1.080000000000000000e+02 1.934397616423666477e-03
1.090000000000000000e+02 1.886669313535094261e-03
1.100000000000000000e+02 1.840622397139668465e-03
1.110000000000000000e+02 1.796663273125886917e-03
1.120000000000000000e+02 1.753833028487861156e-03
1.130000000000000000e+02 1.712986850179731846e-03
1.140000000000000000e+02 1.673466991633176804e-03
1.150000000000000000e+02 1.635493361391127110e-03
1.160000000000000000e+02 1.598839764483273029e-03
1.170000000000000000e+02 1.563056372106075287e-03
1.180000000000000000e+02 1.529290224425494671e-03
1.190000000000000000e+02 1.496158889494836330e-03
1.200000000000000000e+02 1.463946653530001640e-03
1.210000000000000000e+02 1.433117198757827282e-03
1.220000000000000000e+02 1.403016271069645882e-03
1.230000000000000000e+02 1.374325132928788662e-03
1.240000000000000000e+02 1.345987548120319843e-03
1.250000000000000000e+02 1.318705384619534016e-03
1.260000000000000000e+02 1.292219501920044422e-03
1.270000000000000000e+02 1.266658422537147999e-03
1.280000000000000000e+02 1.241933437995612621e-03
1.290000000000000000e+02 1.217629760503768921e-03
1.300000000000000000e+02 1.194065320305526257e-03
1.310000000000000000e+02 1.171471783891320229e-03
1.320000000000000000e+02 1.149144838564097881e-03
1.330000000000000000e+02 1.127719297073781490e-03
1.340000000000000000e+02 1.106803421862423420e-03
1.350000000000000000e+02 1.086480682715773582e-03
1.360000000000000000e+02 1.066430704668164253e-03
1.370000000000000000e+02 1.047125901095569134e-03
1.380000000000000000e+02 1.028273371048271656e-03
1.390000000000000000e+02 1.010161940939724445e-03
1.400000000000000000e+02 9.923543548211455345e-04
1.410000000000000000e+02 9.748750599101185799e-04
1.420000000000000000e+02 9.579923353157937527e-04
1.430000000000000000e+02 9.414680534973740578e-04
1.440000000000000000e+02 9.255258482880890369e-04
1.450000000000000000e+02 9.098660666495561600e-04
1.460000000000000000e+02 8.946698508225381374e-04
1.470000000000000000e+02 8.796817855909466743e-04
1.480000000000000000e+02 8.651154348626732826e-04
1.490000000000000000e+02 8.510280749760568142e-04
1.500000000000000000e+02 8.371214498765766621e-04
1.510000000000000000e+02 8.236803696490824223e-04
1.520000000000000000e+02 8.103420259431004524e-04
1.530000000000000000e+02 7.975307526066899300e-04
1.540000000000000000e+02 7.849580142647027969e-04
1.550000000000000000e+02 7.727082120254635811e-04
1.560000000000000000e+02 7.607145817019045353e-04
1.570000000000000000e+02 7.490058196708559990e-04
1.580000000000000000e+02 7.375655113719403744e-04
1.590000000000000000e+02 7.263640291057527065e-04
1.600000000000000000e+02 7.154007907956838608e-04
1.610000000000000000e+02 7.047292310744524002e-04
1.620000000000000000e+02 6.942079635336995125e-04
1.630000000000000000e+02 6.840681890025734901e-04
1.640000000000000000e+02 6.739785894751548767e-04
1.650000000000000000e+02 6.641602376475930214e-04
1.660000000000000000e+02 6.545382202602922916e-04
1.670000000000000000e+02 6.452171364799141884e-04
1.680000000000000000e+02 6.360789411701261997e-04
1.690000000000000000e+02 6.271081510931253433e-04
1.700000000000000000e+02 6.182452198117971420e-04
1.710000000000000000e+02 6.096239667385816574e-04
1.720000000000000000e+02 6.012470112182199955e-04
1.730000000000000000e+02 5.930233164690434933e-04
1.740000000000000000e+02 5.848557921126484871e-04
1.750000000000000000e+02 5.769602139480412006e-04
1.760000000000000000e+02 5.691630067303776741e-04
1.770000000000000000e+02 5.615308182314038277e-04
1.780000000000000000e+02 5.541089922189712524e-04
1.790000000000000000e+02 5.468228482641279697e-04
1.800000000000000000e+02 5.396541091613471508e-04
1.810000000000000000e+02 5.326523678377270699e-04
1.820000000000000000e+02 5.257783923298120499e-04
1.830000000000000000e+02 5.190342781133949757e-04
1.840000000000000000e+02 5.123196169734001160e-04
1.850000000000000000e+02 5.058710230514407158e-04
1.860000000000000000e+02 4.994636401534080505e-04
1.870000000000000000e+02 4.932341980747878551e-04
1.880000000000000000e+02 4.871202690992504358e-04
1.890000000000000000e+02 4.810935351997613907e-04
1.900000000000000000e+02 4.751864762511104345e-04
1.910000000000000000e+02 4.692717629950493574e-04
1.920000000000000000e+02 4.636271332856267691e-04
1.930000000000000000e+02 4.581136745400726795e-04
1.940000000000000000e+02 4.525648255366832018e-04
1.950000000000000000e+02 4.472026776056736708e-04
1.960000000000000000e+02 4.419055767357349396e-04
1.970000000000000000e+02 4.367115034256130457e-04
1.980000000000000000e+02 4.315022961236536503e-04
1.990000000000000000e+02 4.264449817128479481e-04
2.000000000000000000e+02 4.215441877022385597e-04
2.010000000000000000e+02 4.166555881965905428e-04
2.020000000000000000e+02 4.119325021747499704e-04
2.030000000000000000e+02 4.072696901857852936e-04
2.040000000000000000e+02 4.026053647976368666e-04
2.050000000000000000e+02 3.980485489591956139e-04
2.060000000000000000e+02 3.936424327548593283e-04
2.070000000000000000e+02 3.893155662808567286e-04
2.080000000000000000e+02 3.849983622785657644e-04
2.090000000000000000e+02 3.807145985774695873e-04
2.100000000000000000e+02 3.765143628697842360e-04
2.110000000000000000e+02 3.724105481524020433e-04
2.120000000000000000e+02 3.683633112814277411e-04
2.130000000000000000e+02 3.643970994744449854e-04
2.140000000000000000e+02 3.604926750995218754e-04
2.150000000000000000e+02 3.567071398720145226e-04
2.160000000000000000e+02 3.528903180267661810e-04
2.170000000000000000e+02 3.491248644422739744e-04
2.180000000000000000e+02 3.454464604146778584e-04
2.190000000000000000e+02 3.417590924073010683e-04
2.200000000000000000e+02 3.382505965419113636e-04
2.210000000000000000e+02 3.346946905367076397e-04
2.220000000000000000e+02 3.312726330477744341e-04
2.230000000000000000e+02 3.278161457274109125e-04
2.240000000000000000e+02 3.244731342419981956e-04
2.250000000000000000e+02 3.211859730072319508e-04
2.260000000000000000e+02 3.179540508426725864e-04
2.270000000000000000e+02 3.147358365822583437e-04
2.280000000000000000e+02 3.115752479061484337e-04
2.290000000000000000e+02 3.084183554165065289e-04
2.300000000000000000e+02 3.053368709515780210e-04
2.310000000000000000e+02 3.023279714398086071e-04
2.320000000000000000e+02 2.992990193888545036e-04
2.330000000000000000e+02 2.963798178825527430e-04
2.340000000000000000e+02 2.934788935817778111e-04
2.350000000000000000e+02 2.906267764046788216e-04
2.360000000000000000e+02 2.877772785723209381e-04
2.370000000000000000e+02 2.850055461749434471e-04
2.380000000000000000e+02 2.822313690558075905e-04
2.390000000000000000e+02 2.795004693325608969e-04
2.400000000000000000e+02 2.768424747046083212e-04
2.410000000000000000e+02 2.741625939961522818e-04
2.420000000000000000e+02 2.715433365665376186e-04
2.430000000000000000e+02 2.689655229914933443e-04
2.440000000000000000e+02 2.664858766365796328e-04
2.450000000000000000e+02 2.639795129653066397e-04
2.460000000000000000e+02 2.615269040688872337e-04
2.470000000000000000e+02 2.590514777693897486e-04
2.480000000000000000e+02 2.566507027950137854e-04
2.490000000000000000e+02 2.543236478231847286e-04
2.500000000000000000e+02 2.519010449759662151e-04
2.510000000000000000e+02 2.495994849596172571e-04
2.520000000000000000e+02 2.473079948686063290e-04
2.530000000000000000e+02 2.450235479045659304e-04
2.540000000000000000e+02 2.428147417958825827e-04
2.550000000000000000e+02 2.405768464086577296e-04
2.560000000000000000e+02 2.384098334005102515e-04
2.570000000000000000e+02 2.362521918257698417e-04
2.580000000000000000e+02 2.341604413231834769e-04
2.590000000000000000e+02 2.320368221262469888e-04
2.600000000000000000e+02 2.299591142218559980e-04
2.610000000000000000e+02 2.279265900142490864e-04
2.620000000000000000e+02 2.259154862258583307e-04
2.630000000000000000e+02 2.238888700958341360e-04
2.640000000000000000e+02 2.219154703198000789e-04
2.650000000000000000e+02 2.199910668423399329e-04
2.660000000000000000e+02 2.180563897127285600e-04
2.670000000000000000e+02 2.161837910534814000e-04
2.680000000000000000e+02 2.143071906175464392e-04
2.690000000000000000e+02 2.124029415426775813e-04
2.700000000000000000e+02 2.105962339555844665e-04
2.710000000000000000e+02 2.087772882077842951e-04
2.720000000000000000e+02 2.070018526865169406e-04
2.730000000000000000e+02 2.052283234661445022e-04
2.740000000000000000e+02 2.034672506852075458e-04
2.750000000000000000e+02 2.017659571720287204e-04
2.760000000000000000e+02 2.000273234443739057e-04
2.770000000000000000e+02 1.983466499950736761e-04
2.780000000000000000e+02 1.966458803508430719e-04
2.790000000000000000e+02 1.949853904079645872e-04
2.800000000000000000e+02 1.933509920490905643e-04
2.810000000000000000e+02 1.917051413329318166e-04
2.820000000000000000e+02 1.901126379380002618e-04
2.830000000000000000e+02 1.885539531940594316e-04
2.840000000000000000e+02 1.869835832621902227e-04
2.850000000000000000e+02 1.854632864706218243e-04
2.860000000000000000e+02 1.839145843405276537e-04
2.870000000000000000e+02 1.824124483391642570e-04
2.880000000000000000e+02 1.809306268114596605e-04
2.890000000000000000e+02 1.794512354535982013e-04
2.900000000000000000e+02 1.779947197064757347e-04
2.910000000000000000e+02 1.765330380294471979e-04
2.920000000000000000e+02 1.751295785652473569e-04
2.930000000000000000e+02 1.736956037348136306e-04
2.940000000000000000e+02 1.723166205920279026e-04
2.950000000000000000e+02 1.709569187369197607e-04
2.960000000000000000e+02 1.695862883934751153e-04
2.970000000000000000e+02 1.682187576079741120e-04
2.980000000000000000e+02 1.668745680944994092e-04
2.990000000000000000e+02 1.655785454204306006e-04
3.000000000000000000e+02 1.642623246880248189e-04
3.010000000000000000e+02 5.893851164728403091e-03
3.020000000000000000e+02 3.946957178413867950e-03
3.030000000000000000e+02 2.739863935858011246e-03
3.040000000000000000e+02 1.935568638145923615e-03
3.050000000000000000e+02 1.407009316608309746e-03
3.060000000000000000e+02 1.067778794094920158e-03
3.070000000000000000e+02 8.554000523872673512e-04
3.080000000000000000e+02 7.253702497109770775e-04
3.090000000000000000e+02 6.468413048423826694e-04
3.100000000000000000e+02 5.994227831251919270e-04
3.110000000000000000e+02 5.698550958186388016e-04
3.120000000000000000e+02 5.503871943801641464e-04
3.130000000000000000e+02 5.361554212868213654e-04
3.140000000000000000e+02 5.248422967270016670e-04
3.150000000000000000e+02 5.148139316588640213e-04
3.160000000000000000e+02 5.057504167780280113e-04
3.170000000000000000e+02 4.971660091541707516e-04
3.180000000000000000e+02 4.890365526080131531e-04
3.190000000000000000e+02 4.813465639017522335e-04
3.200000000000000000e+02 4.741112061310559511e-04
3.210000000000000000e+02 4.674038500525057316e-04
3.220000000000000000e+02 4.612251650542020798e-04
3.230000000000000000e+02 4.555393243208527565e-04
3.240000000000000000e+02 4.503904783632606268e-04
3.250000000000000000e+02 4.457227769307792187e-04
3.260000000000000000e+02 4.415277508087456226e-04
3.270000000000000000e+02 4.377760924398899078e-04
3.280000000000000000e+02 4.344070330262184143e-04
3.290000000000000000e+02 4.314578836783766747e-04
3.300000000000000000e+02 4.288240452297031879e-04
3.310000000000000000e+02 4.264751623850315809e-04
3.320000000000000000e+02 4.244495066814124584e-04
3.330000000000000000e+02 4.226438177283853292e-04
3.340000000000000000e+02 4.209562903270125389e-04
3.350000000000000000e+02 4.194762732367962599e-04
3.360000000000000000e+02 4.181149124633520842e-04
3.370000000000000000e+02 4.168534069322049618e-04
3.380000000000000000e+02 4.156926006544381380e-04
3.390000000000000000e+02 4.146210558246821165e-04
3.400000000000000000e+02 4.135961353313177824e-04
3.410000000000000000e+02 4.126244166400283575e-04
3.420000000000000000e+02 4.117159405723214149e-04
3.430000000000000000e+02 4.108323773834854364e-04
3.440000000000000000e+02 4.099872312508523464e-04
3.450000000000000000e+02 4.091647278983145952e-04
3.460000000000000000e+02 4.083786043338477612e-04
3.470000000000000000e+02 4.076256009284406900e-04
3.480000000000000000e+02 4.069119459018111229e-04
3.490000000000000000e+02 4.062279185745865107e-04
3.500000000000000000e+02 4.055626050103455782e-04
3.510000000000000000e+02 4.049080889672040939e-04
3.520000000000000000e+02 4.042863438371568918e-04
3.530000000000000000e+02 4.036854079458862543e-04
3.540000000000000000e+02 4.031039716210216284e-04
3.550000000000000000e+02 4.025492526125162840e-04
3.560000000000000000e+02 4.020149935968220234e-04
3.570000000000000000e+02 4.014883015770465136e-04
3.580000000000000000e+02 4.009829717688262463e-04
3.590000000000000000e+02 4.004922229796648026e-04
3.600000000000000000e+02 4.000222543254494667e-04
3.610000000000000000e+02 3.995563602074980736e-04
3.620000000000000000e+02 3.991055127698928118e-04
3.630000000000000000e+02 3.986669762525707483e-04
3.640000000000000000e+02 3.982448833994567394e-04
3.650000000000000000e+02 3.978289023507386446e-04
3.660000000000000000e+02 3.974215651396661997e-04
3.670000000000000000e+02 3.970322140958160162e-04
3.680000000000000000e+02 3.966385847888886929e-04
3.690000000000000000e+02 3.962685295846313238e-04
3.700000000000000000e+02 3.959035093430429697e-04
3.710000000000000000e+02 3.955416032113134861e-04
3.720000000000000000e+02 3.951974213123321533e-04
3.730000000000000000e+02 3.948605735786259174e-04
3.740000000000000000e+02 3.945369098801165819e-04
3.750000000000000000e+02 3.942148177884519100e-04
3.760000000000000000e+02 3.938981972169131041e-04
3.770000000000000000e+02 3.935927234124392271e-04
3.780000000000000000e+02 3.932895197067409754e-04
3.790000000000000000e+02 3.930047387257218361e-04
3.800000000000000000e+02 3.927137877326458693e-04
3.810000000000000000e+02 3.924359334632754326e-04
3.820000000000000000e+02 3.921545867342501879e-04
3.830000000000000000e+02 3.918877046089619398e-04
3.840000000000000000e+02 3.916289715562015772e-04
3.850000000000000000e+02 3.913787659257650375e-04
3.860000000000000000e+02 3.911221283487975597e-04
3.870000000000000000e+02 3.908771905116736889e-04
3.880000000000000000e+02 3.906360361725091934e-04
3.890000000000000000e+02 3.903909819200634956e-04
3.900000000000000000e+02 3.901652817148715258e-04
3.910000000000000000e+02 3.899321600329130888e-04
3.920000000000000000e+02 3.897144051734358072e-04
3.930000000000000000e+02 3.894998808391392231e-04
3.940000000000000000e+02 3.892796230502426624e-04
3.950000000000000000e+02 3.890657681040465832e-04
3.960000000000000000e+02 3.888622159138321877e-04
3.970000000000000000e+02 3.886554623022675514e-04
3.980000000000000000e+02 3.884556354023516178e-04
3.990000000000000000e+02 3.882590972352772951e-04
4.000000000000000000e+02 3.880637814290821552e-04
4.010000000000000000e+02 3.878741990774869919e-04
4.020000000000000000e+02 3.876891569234430790e-04
4.030000000000000000e+02 3.875073161907494068e-04
4.040000000000000000e+02 3.873255045618861914e-04
4.050000000000000000e+02 3.871425869874656200e-04
4.060000000000000000e+02 3.869672364089637995e-04
4.070000000000000000e+02 3.867887135129421949e-04
4.080000000000000000e+02 3.866221231874078512e-04
4.090000000000000000e+02 3.864545724354684353e-04
4.100000000000000000e+02 3.862928424496203661e-04
4.110000000000000000e+02 3.861298027914017439e-04
4.120000000000000000e+02 3.859702264890074730e-04
4.130000000000000000e+02 3.858111740555614233e-04
4.140000000000000000e+02 3.856531984638422728e-04
4.150000000000000000e+02 3.854990936815738678e-04
4.160000000000000000e+02 3.853468515444546938e-04
4.170000000000000000e+02 3.851963265333324671e-04
4.180000000000000000e+02 3.850457724183797836e-04
4.190000000000000000e+02 3.849016502499580383e-04
4.200000000000000000e+02 3.847565385513007641e-04
4.210000000000000000e+02 3.846176550723612309e-04
4.220000000000000000e+02 3.844746679533272982e-04
4.230000000000000000e+02 3.843340673483908176e-04
4.240000000000000000e+02 3.841992584057152271e-04
4.250000000000000000e+02 3.840629651676863432e-04
4.260000000000000000e+02 3.839319397229701281e-04
4.270000000000000000e+02 3.838001575786620378e-04
4.280000000000000000e+02 3.836688701994717121e-04
4.290000000000000000e+02 3.835378447547554970e-04
4.300000000000000000e+02 3.834062372334301472e-04
4.310000000000000000e+02 3.832842630799859762e-04
4.320000000000000000e+02 3.831615322269499302e-04
4.330000000000000000e+02 3.830360365100204945e-04
4.340000000000000000e+02 3.829136257991194725e-04
4.350000000000000000e+02 3.827931941486895084e-04
4.360000000000000000e+02 3.826750034932047129e-04
4.370000000000000000e+02 3.825542517006397247e-04
4.380000000000000000e+02 3.824400773737579584e-04
4.390000000000000000e+02 3.823206934612244368e-04
4.400000000000000000e+02 3.822122234851121902e-04
4.410000000000000000e+02 3.820912970695644617e-04
4.420000000000000000e+02 3.819811390712857246e-04
4.430000000000000000e+02 3.818723780568689108e-04
4.440000000000000000e+02 3.817615215666592121e-04
4.450000000000000000e+02 3.816555545199662447e-04
4.460000000000000000e+02 3.815436793956905603e-04
4.470000000000000000e+02 3.814341616816818714e-04
4.480000000000000000e+02 3.813265357166528702e-04
4.490000000000000000e+02 3.812246141023933887e-04
4.500000000000000000e+02 3.811181813944131136e-04
4.510000000000000000e+02 3.810142516158521175e-04
4.520000000000000000e+02 3.809135814663022757e-04
4.530000000000000000e+02 3.808139590546488762e-04
4.540000000000000000e+02 3.807105240412056446e-04
4.550000000000000000e+02 3.806125314440578222e-04
4.560000000000000000e+02 3.805117448791861534e-04
4.570000000000000000e+02 3.804125008173286915e-04
4.580000000000000000e+02 3.803133440669625998e-04
4.590000000000000000e+02 3.802157880272716284e-04
4.600000000000000000e+02 3.801200655288994312e-04
4.610000000000000000e+02 3.800196573138237000e-04
4.620000000000000000e+02 3.799267869908362627e-04
4.630000000000000000e+02 3.798315301537513733e-04
4.640000000000000000e+02 3.797394165303558111e-04
4.650000000000000000e+02 3.796496021095663309e-04
4.660000000000000000e+02 3.795535885728895664e-04
4.670000000000000000e+02 3.794644726440310478e-04
4.680000000000000000e+02 3.793723881244659424e-04
4.690000000000000000e+02 3.792817879002541304e-04
4.700000000000000000e+02 3.791941271629184484e-04
4.710000000000000000e+02 3.791077469941228628e-04
4.720000000000000000e+02 3.790223272517323494e-04
4.730000000000000000e+02 3.789327456615865231e-04
4.740000000000000000e+02 3.788441536016762257e-04
4.750000000000000000e+02 3.787604509852826595e-04
4.760000000000000000e+02 3.786726738326251507e-04
4.770000000000000000e+02 3.785874578170478344e-04
4.780000000000000000e+02 3.785030567087233067e-04
4.790000000000000000e+02 3.784168220590800047e-04
4.800000000000000000e+02 3.783347201533615589e-04
4.810000000000000000e+02 3.782529965974390507e-04
4.820000000000000000e+02 3.781731356866657734e-04
4.830000000000000000e+02 3.780875995289534330e-04
4.840000000000000000e+02 3.780113474931567907e-04
4.850000000000000000e+02 3.779315156862139702e-04
4.860000000000000000e+02 3.778499376494437456e-04
4.870000000000000000e+02 3.777683887165039778e-04
4.880000000000000000e+02 3.776903613470494747e-04
4.890000000000000000e+02 3.776092198677361012e-04
4.900000000000000000e+02 3.775329387281090021e-04
4.910000000000000000e+02 3.774566575884819031e-04
4.920000000000000000e+02 3.773775242734700441e-04
4.930000000000000000e+02 3.773008065763860941e-04
4.940000000000000000e+02 3.772219060920178890e-04
4.950000000000000000e+02 3.771453630179166794e-04
4.960000000000000000e+02 3.770672774408012629e-04
4.970000000000000000e+02 3.769931790884584188e-04
4.980000000000000000e+02 3.769160248339176178e-04
4.990000000000000000e+02 3.768414026126265526e-04
5.000000000000000000e+02 3.767725720535963774e-04
5.010000000000000000e+02 3.766981244552880526e-04
5.020000000000000000e+02 3.766235313378274441e-04
5.030000000000000000e+02 3.765538858715444803e-04
5.040000000000000000e+02 3.764804569073021412e-04
5.050000000000000000e+02 3.764076100196689367e-04
5.060000000000000000e+02 3.763365093618631363e-04
5.070000000000000000e+02 3.762682608794420958e-04
5.080000000000000000e+02 3.761978005059063435e-04
5.090000000000000000e+02 3.761293774005025625e-04
5.100000000000000000e+02 3.760585386771708727e-04
5.110000000000000000e+02 3.759878163691610098e-04
5.120000000000000000e+02 3.759198880288749933e-04
5.130000000000000000e+02 3.758520761039108038e-04
5.140000000000000000e+02 3.757805679924786091e-04
5.150000000000000000e+02 3.757126978598535061e-04
5.160000000000000000e+02 3.756439837161451578e-04
5.170000000000000000e+02 3.755779471248388290e-04
5.180000000000000000e+02 3.755100478883832693e-04
5.190000000000000000e+02 3.754448262043297291e-04
5.200000000000000000e+02 3.753799537662416697e-04
5.210000000000000000e+02 3.753136552404612303e-04
5.220000000000000000e+02 3.752473276108503342e-04
5.230000000000000000e+02 3.751800395548343658e-04
5.240000000000000000e+02 3.751170588657259941e-04
5.250000000000000000e+02 3.750526520889252424e-04
5.260000000000000000e+02 3.749857714865356684e-04
5.270000000000000000e+02 3.749236348085105419e-04
5.280000000000000000e+02 3.748597810044884682e-04
5.290000000000000000e+02 3.747952578123658895e-04
5.300000000000000000e+02 3.747324808500707150e-04
5.310000000000000000e+02 3.746741567738354206e-04
5.320000000000000000e+02 3.746086149476468563e-04
5.330000000000000000e+02 3.745462163351476192e-04
5.340000000000000000e+02 3.744839632418006659e-04
5.350000000000000000e+02 3.744194691535085440e-04
5.360000000000000000e+02 3.743573906831443310e-04
5.370000000000000000e+02 3.742972330655902624e-04
5.380000000000000000e+02 3.742350381799042225e-04
5.390000000000000000e+02 3.741762484423816204e-04
5.400000000000000000e+02 3.741170803550630808e-04
5.410000000000000000e+02 3.740561078302562237e-04
5.420000000000000000e+02 3.740003448911011219e-04
5.430000000000000000e+02 3.739399253390729427e-04
5.440000000000000000e+02 3.738841041922569275e-04
5.450000000000000000e+02 3.738246450666338205e-04
5.460000000000000000e+02 3.737633232958614826e-04
5.470000000000000000e+02 3.737035731319338083e-04
5.480000000000000000e+02 3.736460348591208458e-04
5.490000000000000000e+02 3.735899517778307199e-04
5.500000000000000000e+02 3.735311038326472044e-04
5.510000000000000000e+02 3.734748170245438814e-04
5.520000000000000000e+02 3.734167548827826977e-04
5.530000000000000000e+02 3.733616322278976440e-04
5.540000000000000000e+02 3.733051999006420374e-04
5.550000000000000000e+02 3.732488257810473442e-04
5.560000000000000000e+02 3.731930919457226992e-04
5.570000000000000000e+02 3.731381439138203859e-04
5.580000000000000000e+02 3.730808675754815340e-04
5.590000000000000000e+02 3.730266762431710958e-04
5.600000000000000000e+02 3.729731834027916193e-04
5.610000000000000000e+02 3.729205927811563015e-04
5.620000000000000000e+02 3.728627634700387716e-04
5.630000000000000000e+02 3.728067094925791025e-04
5.640000000000000000e+02 3.727551957126706839e-04
5.650000000000000000e+02 3.727019357029348612e-04
5.660000000000000000e+02 3.726473369169980288e-04
5.670000000000000000e+02 3.725932037923485041e-04
5.680000000000000000e+02 3.725405258592218161e-04
5.690000000000000000e+02 3.724873531609773636e-04
5.700000000000000000e+02 3.724355192389339209e-04
5.710000000000000000e+02 3.723858098965138197e-04
5.720000000000000000e+02 3.723325789906084538e-04
5.730000000000000000e+02 3.722807741723954678e-04
5.740000000000000000e+02 3.722271649166941643e-04
5.750000000000000000e+02 3.721757384482771158e-04
5.760000000000000000e+02 3.721230023074895144e-04
5.770000000000000000e+02 3.720732347574084997e-04
5.780000000000000000e+02 3.720200329553335905e-04
5.790000000000000000e+02 3.719690721482038498e-04
5.800000000000000000e+02 3.719190426636487246e-04
5.810000000000000000e+02 3.718686348292976618e-04
5.820000000000000000e+02 3.718204388860613108e-04
5.830000000000000000e+02 3.717718063853681087e-04
5.840000000000000000e+02 3.717223007697612047e-04
5.850000000000000000e+02 3.716684877872467041e-04
5.860000000000000000e+02 3.716221253853291273e-04
5.870000000000000000e+02 3.715708735398948193e-04
5.880000000000000000e+02 3.715219500008970499e-04
5.890000000000000000e+02 3.714728518389165401e-04
5.900000000000000000e+02 3.714232007041573524e-04
5.910000000000000000e+02 3.713765181601047516e-04
5.920000000000000000e+02 3.713310288731008768e-04
5.930000000000000000e+02 3.712822799570858479e-04
5.940000000000000000e+02 3.712350444402545691e-04
5.950000000000000000e+02 3.711884783115237951e-04
5.960000000000000000e+02 3.711431636475026608e-04
5.970000000000000000e+02 3.710952878464013338e-04
5.980000000000000000e+02 3.710442106239497662e-04
5.990000000000000000e+02 3.709985758177936077e-04
6.000000000000000000e+02 3.709519805852323771e-04
6.010000000000000000e+02 3.709065786097198725e-04
6.020000000000000000e+02 3.708578005898743868e-04
6.030000000000000000e+02 3.708134754560887814e-04
6.040000000000000000e+02 3.707662399392575026e-04
6.050000000000000000e+02 3.707204887177795172e-04
6.060000000000000000e+02 3.706726129166781902e-04
6.070000000000000000e+02 3.706276474986225367e-04
6.080000000000000000e+02 3.705812268890440464e-04
6.090000000000000000e+02 3.705382114276289940e-04
6.100000000000000000e+02 3.704937407746911049e-04
6.110000000000000000e+02 3.704481350723654032e-04
6.120000000000000000e+02 3.704057598952203989e-04
6.130000000000000000e+02 3.703586698975414038e-04
6.140000000000000000e+02 3.703152178786695004e-04
6.150000000000000000e+02 3.702684771269559860e-04
6.160000000000000000e+02 3.702254325617104769e-04
6.170000000000000000e+02 3.701825335156172514e-04
6.180000000000000000e+02 3.701385576277971268e-04
6.190000000000000000e+02 3.700967936310917139e-04
6.200000000000000000e+02 3.700519155245274305e-04
6.210000000000000000e+02 3.700074157677590847e-04
6.220000000000000000e+02 3.699637018144130707e-04
6.230000000000000000e+02 3.699205990415066481e-04
6.240000000000000000e+02 3.698786022141575813e-04
6.250000000000000000e+02 3.698344225995242596e-04
6.260000000000000000e+02 3.697951906360685825e-04
6.270000000000000000e+02 3.697519714478403330e-04
6.280000000000000000e+02 3.697106731124222279e-04
6.290000000000000000e+02 3.696668718475848436e-04
6.300000000000000000e+02 3.696242929436266422e-04
6.310000000000000000e+02 3.695861960295587778e-04
6.320000000000000000e+02 3.695442574098706245e-04
6.330000000000000000e+02 3.694987972266972065e-04
6.340000000000000000e+02 3.694586048368364573e-04
6.350000000000000000e+02 3.694164624903351068e-04
6.360000000000000000e+02 3.693785110954195261e-04
6.370000000000000000e+02 3.693364269565790892e-04
6.380000000000000000e+02 3.692966129165142775e-04
6.390000000000000000e+02 3.692554892040789127e-04
6.400000000000000000e+02 3.692177706398069859e-04
6.410000000000000000e+02 3.691759775392711163e-04
6.420000000000000000e+02 3.691349120344966650e-04
6.430000000000000000e+02 3.690920420922338963e-04
6.440000000000000000e+02 3.690534504130482674e-04
6.450000000000000000e+02 3.690119192469865084e-04
6.460000000000000000e+02 3.689735895022749901e-04
6.470000000000000000e+02 3.689361619763076305e-04
6.480000000000000000e+02 3.688953875098377466e-04
6.490000000000000000e+02 3.688574943225830793e-04
6.500000000000000000e+02 3.688180295284837484e-04
6.510000000000000000e+02 3.687797870952636003e-04
6.520000000000000000e+02 3.687397402245551348e-04
6.530000000000000000e+02 3.687008575070649385e-04
6.540000000000000000e+02 3.686622076202183962e-04
6.550000000000000000e+02 3.686246927827596664e-04
6.560000000000000000e+02 3.685860719997435808e-04
6.570000000000000000e+02 3.685444244183599949e-04
6.580000000000000000e+02 3.685102856252342463e-04
6.590000000000000000e+02 3.684699186123907566e-04
6.600000000000000000e+02 3.684329276438802481e-04
6.610000000000000000e+02 3.683945105876773596e-04
6.620000000000000000e+02 3.683576651383191347e-04
6.630000000000000000e+02 3.683186077978461981e-04
6.640000000000000000e+02 3.682828100863844156e-04
6.650000000000000000e+02 3.682443930301815271e-04
6.660000000000000000e+02 3.682063543237745762e-04
6.670000000000000000e+02 3.681695961859077215e-04
6.680000000000000000e+02 3.681337402667850256e-04
6.690000000000000000e+02 3.680955560412257910e-04
6.700000000000000000e+02 3.680605150293558836e-04
6.710000000000000000e+02 3.680250665638595819e-04
6.720000000000000000e+02 3.679864457808434963e-04
6.730000000000000000e+02 3.679509973153471947e-04
6.740000000000000000e+02 3.679142391774803400e-04
6.750000000000000000e+02 3.678787325043231249e-04
6.760000000000000000e+02 3.678432840388268232e-04
6.770000000000000000e+02 3.678083594422787428e-04
6.780000000000000000e+02 3.677713102661073208e-04
6.790000000000000000e+02 3.677359200082719326e-04
6.800000000000000000e+02 3.677012282423675060e-04
6.810000000000000000e+02 3.676644118968397379e-04
6.820000000000000000e+02 3.676297201309353113e-04
6.830000000000000000e+02 3.675940097309648991e-04
6.840000000000000000e+02 3.675567277241498232e-04
6.850000000000000000e+02 3.675214829854667187e-04
6.860000000000000000e+02 3.674872859846800566e-04
6.870000000000000000e+02 3.674535837490111589e-04
6.880000000000000000e+02 3.674223844427615404e-04
6.890000000000000000e+02 3.673874307423830032e-04
6.900000000000000000e+02 3.673498868010938168e-04
6.910000000000000000e+02 3.673172905109822750e-04
6.920000000000000000e+02 3.672839957289397717e-04
6.930000000000000000e+02 3.672480816021561623e-04
6.940000000000000000e+02 3.672162129078060389e-04
6.950000000000000000e+02 3.671837330330163240e-04
6.960000000000000000e+02 3.671447921078652143e-04
6.970000000000000000e+02 3.671126323752105236e-04
6.980000000000000000e+02 3.670791920740157366e-04
6.990000000000000000e+02 3.670435689855366945e-04
7.000000000000000000e+02 3.670115838758647442e-04
7.010000000000000000e+02 3.669773577712476254e-04
7.020000000000000000e+02 3.669412108138203621e-04
7.030000000000000000e+02 3.669110301416367292e-04
7.040000000000000000e+02 3.668801800813525915e-04
7.050000000000000000e+02 3.668467106763273478e-04
7.060000000000000000e+02 3.668133285827934742e-04
7.070000000000000000e+02 3.667791897896677256e-04
7.080000000000000000e+02 3.667486307676881552e-04
7.090000000000000000e+02 3.667152486741542816e-04
7.100000000000000000e+02 3.666815755423158407e-04
7.110000000000000000e+02 3.666503762360662222e-04
7.120000000000000000e+02 3.666164993774145842e-04
7.130000000000000000e+02 3.665871627163141966e-04
7.140000000000000000e+02 3.665529075078666210e-04
7.150000000000000000e+02 3.665217664092779160e-04
7.160000000000000000e+02 3.664900141302496195e-04
7.170000000000000000e+02 3.664578543975949287e-04
7.180000000000000000e+02 3.664259565994143486e-04
7.190000000000000000e+02 3.663954266812652349e-04
7.200000000000000000e+02 3.663623356260359287e-04
7.210000000000000000e+02 3.663320967461913824e-04
7.220000000000000000e+02 3.663004317786544561e-04
7.230000000000000000e+02 3.662677190732210875e-04
7.240000000000000000e+02 3.662379749584943056e-04
7.250000000000000000e+02 3.662068047560751438e-04
7.260000000000000000e+02 3.661778173409402370e-04
7.270000000000000000e+02 3.661464725155383348e-04
7.280000000000000000e+02 3.661124501377344131e-04
7.290000000000000000e+02 3.660831716842949390e-04
7.300000000000000000e+02 3.660514194052666426e-04
7.310000000000000000e+02 3.660200454760342836e-04
7.320000000000000000e+02 3.659911744762212038e-04
7.330000000000000000e+02 3.659592766780406237e-04
7.340000000000000000e+02 3.659286594484001398e-04
7.350000000000000000e+02 3.659011854324489832e-04
7.360000000000000000e+02 3.658673667814582586e-04
7.370000000000000000e+02 3.658369823824614286e-04
7.380000000000000000e+02 3.658068890217691660e-04
7.390000000000000000e+02 3.657809284050017595e-04
7.400000000000000000e+02 3.657491470221430063e-04
7.410000000000000000e+02 3.657199849840253592e-04
7.420000000000000000e+02 3.656891640275716782e-04
7.430000000000000000e+02 3.656622720882296562e-04
7.440000000000000000e+02 3.656308981589972973e-04
7.450000000000000000e+02 3.656012704595923424e-04
7.460000000000000000e+02 3.655723121482878923e-04
7.470000000000000000e+02 3.655450127553194761e-04
7.480000000000000000e+02 3.655135806184262037e-04
7.490000000000000000e+02 3.654840693343430758e-04
7.500000000000000000e+02 3.654543834272772074e-04
7.510000000000000000e+02 3.654260654002428055e-04
7.520000000000000000e+02 3.653965250123292208e-04
7.530000000000000000e+02 3.653689636848866940e-04
7.540000000000000000e+02 3.653381427284330130e-04
7.550000000000000000e+02 3.653099411167204380e-04
7.560000000000000000e+02 3.652817686088383198e-04
7.570000000000000000e+02 3.652556915767490864e-04
7.580000000000000000e+02 3.652262093964964151e-04
7.590000000000000000e+02 3.651989100035279989e-04
7.600000000000000000e+02 3.651683218777179718e-04
7.610000000000000000e+02 3.651422157417982817e-04
7.620000000000000000e+02 3.651132574304938316e-04
7.630000000000000000e+02 3.650844737421721220e-04
7.640000000000000000e+02 3.650572907645255327e-04
7.650000000000000000e+02 3.650290309451520443e-04
7.660000000000000000e+02 3.649997233878821135e-04
7.670000000000000000e+02 3.649722202681005001e-04
7.680000000000000000e+02 3.649449499789625406e-04
7.690000000000000000e+02 3.649185237009078264e-04
7.700000000000000000e+02 3.648903511930257082e-04
7.710000000000000000e+02 3.648636338766664267e-04
7.720000000000000000e+02 3.648354613687843084e-04
7.730000000000000000e+02 3.648064448498189449e-04
7.740000000000000000e+02 3.647778939921408892e-04
7.750000000000000000e+02 3.647534467745572329e-04
7.760000000000000000e+02 3.647238481789827347e-04
7.770000000000000000e+02 3.646968107204884291e-04
7.780000000000000000e+02 3.646702680271118879e-04
7.790000000000000000e+02 3.646446857601404190e-04
7.800000000000000000e+02 3.646168042905628681e-04
7.810000000000000000e+02 3.645886317826807499e-04
7.820000000000000000e+02 3.645645629148930311e-04
7.830000000000000000e+02 3.645377291832119226e-04
7.840000000000000000e+02 3.645106044132262468e-04
7.850000000000000000e+02 3.644828684628009796e-04
7.860000000000000000e+02 3.644581302069127560e-04
7.870000000000000000e+02 3.644313546828925610e-04
7.880000000000000000e+02 3.644025127869099379e-04
7.890000000000000000e+02 3.643772506620734930e-04
7.900000000000000000e+02 3.643532108981162310e-04
7.910000000000000000e+02 3.643269592430442572e-04
7.920000000000000000e+02 3.643010277301073074e-04
7.930000000000000000e+02 3.642732044681906700e-04
7.940000000000000000e+02 3.642474766820669174e-04
7.950000000000000000e+02 3.642204683274030685e-04
7.960000000000000000e+02 3.641959046944975853e-04
7.970000000000000000e+02 3.641691582743078470e-04
7.980000000000000000e+02 3.641426155809313059e-04
7.990000000000000000e+02 3.641165967565029860e-04
8.000000000000000000e+02 3.640895592980086803e-04
8.010000000000000000e+02 3.640651993919163942e-04
8.020000000000000000e+02 3.640392387751489878e-04
8.030000000000000000e+02 3.640149952843785286e-04
8.040000000000000000e+02 3.639888018369674683e-04
8.050000000000000000e+02 3.639633941929787397e-04
8.060000000000000000e+02 3.639396745711565018e-04
8.070000000000000000e+02 3.639132191892713308e-04
8.080000000000000000e+02 3.638863854575902224e-04
8.090000000000000000e+02 3.638624621089547873e-04
8.100000000000000000e+02 3.638360649347305298e-04
8.110000000000000000e+02 3.638130438048392534e-04
8.120000000000000000e+02 3.637891786638647318e-04
8.130000000000000000e+02 3.637658082880079746e-04
8.140000000000000000e+02 3.637392073869705200e-04
8.150000000000000000e+02 3.637143527157604694e-04
8.160000000000000000e+02 3.636886249296367168e-04
8.170000000000000000e+02 3.636660985648632050e-04
8.180000000000000000e+02 3.636406909208744764e-04
8.190000000000000000e+02 3.636150504462420940e-04
8.200000000000000000e+02 3.635914763435721397e-04
8.210000000000000000e+02 3.635657485574483871e-04
8.220000000000000000e+02 3.635405737441033125e-04
8.230000000000000000e+02 3.635164757724851370e-04
8.240000000000000000e+02 3.634915919974446297e-04
8.250000000000000000e+02 3.634679887909442186e-04
8.260000000000000000e+02 3.634445019997656345e-04
8.270000000000000000e+02 3.634214517660439014e-04
8.280000000000000000e+02 3.633974993135780096e-04
8.290000000000000000e+02 3.633714804891496897e-04
8.300000000000000000e+02 3.633468295447528362e-04
8.310000000000000000e+02 3.633252345025539398e-04
8.320000000000000000e+02 3.633000014815479517e-04
8.330000000000000000e+02 3.632755833677947521e-04
8.340000000000000000e+02 3.632518055383116007e-04
8.350000000000000000e+02 3.632301522884517908e-04
8.360000000000000000e+02 3.632068110164254904e-04
8.370000000000000000e+02 3.631825966294854879e-04
8.380000000000000000e+02 3.631578583735972643e-04
8.390000000000000000e+02 3.631335857789963484e-04
8.400000000000000000e+02 3.631113213486969471e-04
8.410000000000000000e+02 3.630887367762625217e-04
8.420000000000000000e+02 3.630646097008138895e-04
8.430000000000000000e+02 3.630416176747530699e-04
8.440000000000000000e+02 3.630167047958821058e-04
8.450000000000000000e+02 3.629911225289106369e-04
8.460000000000000000e+02 3.629722632467746735e-04
8.470000000000000000e+02 3.629489510785788298e-04
8.480000000000000000e+02 3.629264247138053179e-04
8.490000000000000000e+02 3.629031707532703876e-04
8.500000000000000000e+02 3.628811391536146402e-04
8.510000000000000000e+02 3.628566628322005272e-04
8.520000000000000000e+02 3.628340200521051884e-04
8.530000000000000000e+02 3.628092235885560513e-04
8.540000000000000000e+02 3.627867845352739096e-04
8.550000000000000000e+02 3.627647820394486189e-04
8.560000000000000000e+02 3.627401019912213087e-04
8.570000000000000000e+02 3.627195837907493114e-04
8.580000000000000000e+02 3.626958641689270735e-04
8.590000000000000000e+02 3.626752877607941628e-04
8.600000000000000000e+02 3.626521211117506027e-04
8.610000000000000000e+02 3.626281395554542542e-04
8.620000000000000000e+02 3.626079997047781944e-04
8.630000000000000000e+02 3.625858807936310768e-04
8.640000000000000000e+02 3.625628887675702572e-04
8.650000000000000000e+02 3.625411191023886204e-04
8.660000000000000000e+02 3.625159151852130890e-04
8.670000000000000000e+02 3.624928940553218126e-04
8.680000000000000000e+02 3.624724922701716423e-04
8.690000000000000000e+02 3.624502278398722410e-04
8.700000000000000000e+02 3.624285454861819744e-04
8.710000000000000000e+02 3.624056116677820683e-04
8.720000000000000000e+02 3.623834054451435804e-04
8.730000000000000000e+02 3.623625671025365591e-04
8.740000000000000000e+02 3.623399534262716770e-04
8.750000000000000000e+02 3.623171069193631411e-04
8.760000000000000000e+02 3.622969670686870813e-04
8.770000000000000000e+02 3.622740623541176319e-04
8.780000000000000000e+02 3.622549120336771011e-04
8.790000000000000000e+02 3.622333460953086615e-04
8.800000000000000000e+02 3.622125368565320969e-04
8.810000000000000000e+02 3.621887881308794022e-04
8.820000000000000000e+02 3.621677751652896404e-04
8.830000000000000000e+02 3.621443465817719698e-04
8.840000000000000000e+02 3.621233336161822081e-04
8.850000000000000000e+02 3.621025825850665569e-04
8.860000000000000000e+02 3.620825300458818674e-04
8.870000000000000000e+02 3.620623319875448942e-04
8.880000000000000000e+02 3.620393690653145313e-04
8.890000000000000000e+02 3.620180650614202023e-04
8.900000000000000000e+02 3.619962953962385654e-04
8.910000000000000000e+02 3.619745548348873854e-04
8.920000000000000000e+02 3.619536582846194506e-04
8.930000000000000000e+02 3.619317722041159868e-04
8.940000000000000000e+02 3.619104682002216578e-04
8.950000000000000000e+02 3.618901828303933144e-04
8.960000000000000000e+02 3.618710616137832403e-04
8.970000000000000000e+02 3.618474293034523726e-04
8.980000000000000000e+02 3.618264745455235243e-04
8.990000000000000000e+02 3.618042392190545797e-04
9.000000000000000000e+02 3.617854963522404432e-04
9.010000000000000000e+02 3.617643087636679411e-04
9.020000000000000000e+02 3.617419279180467129e-04
9.030000000000000000e+02 3.617208276409655809e-04
9.040000000000000000e+02 3.617037145886570215e-04
9.050000000000000000e+02 3.616829635575413704e-04
9.060000000000000000e+02 3.616605827119201422e-04
9.070000000000000000e+02 3.616379690356552601e-04
9.080000000000000000e+02 3.616194589994847775e-04
9.090000000000000000e+02 3.615998430177569389e-04
9.100000000000000000e+02 3.615794703364372253e-04
9.110000000000000000e+02 3.615595633164048195e-04
9.120000000000000000e+02 3.615369496401399374e-04
9.130000000000000000e+02 3.615157620515674353e-04
9.140000000000000000e+02 3.614969318732619286e-04
9.150000000000000000e+02 3.614746674429625273e-04
9.160000000000000000e+02 3.614550514612346888e-04
9.170000000000000000e+02 3.614364250097423792e-04
9.180000000000000000e+02 3.614148881752043962e-04
9.190000000000000000e+02 3.613950975704938173e-04
9.200000000000000000e+02 3.613768494687974453e-04
9.210000000000000000e+02 3.613557491917163134e-04
9.220000000000000000e+02 3.613310691434890032e-04
9.230000000000000000e+02 3.613141889218240976e-04
9.240000000000000000e+02 3.612935252021998167e-04
9.250000000000000000e+02 3.612760338000953197e-04
9.260000000000000000e+02 3.612542641349136829e-04
9.270000000000000000e+02 3.612332511693239212e-04
9.280000000000000000e+02 3.612119471654295921e-04
9.290000000000000000e+02 3.611947176977992058e-04
9.300000000000000000e+02 3.611745487432926893e-04
9.310000000000000000e+02 3.611519641708582640e-04
9.320000000000000000e+02 3.611335123423486948e-04
9.330000000000000000e+02 3.611148567870259285e-04
9.340000000000000000e+02 3.610941057559102774e-04
9.350000000000000000e+02 3.610753337852656841e-04
9.360000000000000000e+02 3.610538842622190714e-04
9.370000000000000000e+02 3.610324347391724586e-04
9.380000000000000000e+02 3.610131971072405577e-04
9.390000000000000000e+02 3.609962295740842819e-04
9.400000000000000000e+02 3.609764680732041597e-04
9.410000000000000000e+02 3.609556588344275951e-04
9.420000000000000000e+02 3.609387786127626896e-04
9.430000000000000000e+02 3.609172999858856201e-04
9.440000000000000000e+02 3.608984407037496567e-04
9.450000000000000000e+02 3.608781844377517700e-04
9.460000000000000000e+02 3.608592960517853498e-04
9.470000000000000000e+02 3.608393890317529440e-04
9.480000000000000000e+02 3.608214319683611393e-04
9.490000000000000000e+02 3.608019906096160412e-04
9.500000000000000000e+02 3.607835096772760153e-04
9.510000000000000000e+02 3.607627877499908209e-04
9.520000000000000000e+02 3.607457911130040884e-04
9.530000000000000000e+02 3.607266698963940144e-04
9.540000000000000000e+02 3.607054532039910555e-04
9.550000000000000000e+02 3.606847894843667746e-04
9.560000000000000000e+02 3.606674436014145613e-04
9.570000000000000000e+02 3.606468962971121073e-04
9.580000000000000000e+02 3.606277459766715765e-04
9.590000000000000000e+02 3.606099053286015987e-04
9.600000000000000000e+02 3.605913370847702026e-04
9.610000000000000000e+02 3.605692763812839985e-04
9.620000000000000000e+02 3.605532401707023382e-04
9.630000000000000000e+02 3.605324018280953169e-04
9.640000000000000000e+02 3.605137753766030073e-04
9.650000000000000000e+02 3.604968660511076450e-04
9.660000000000000000e+02 3.604755329433828592e-04
9.670000000000000000e+02 3.604578669182956219e-04
9.680000000000000000e+02 3.604395315051078796e-04
9.690000000000000000e+02 3.604185185395181179e-04
9.700000000000000000e+02 3.603996592573821545e-04
9.710000000000000000e+02 3.603801014833152294e-04
9.720000000000000000e+02 3.603621444199234247e-04
9.730000000000000000e+02 3.603430523071438074e-04
9.740000000000000000e+02 3.603237273637205362e-04
9.750000000000000000e+02 3.603081277105957270e-04
9.760000000000000000e+02 3.602875804062932730e-04
9.770000000000000000e+02 3.602702636271715164e-04
9.780000000000000000e+02 3.602501237764954567e-04
9.790000000000000000e+02 3.602304495871067047e-04
9.800000000000000000e+02 3.602122305892407894e-04
9.810000000000000000e+02 3.601926437113434076e-04
9.820000000000000000e+02 3.601750941015779972e-04
9.830000000000000000e+02 3.601537609938532114e-04
9.840000000000000000e+02 3.601365024223923683e-04
9.850000000000000000e+02 3.601200005505234003e-04
9.860000000000000000e+02 3.601013158913701773e-04
9.870000000000000000e+02 3.600839118007570505e-04
9.880000000000000000e+02 3.600665659178048372e-04
9.890000000000000000e+02 3.600458730943500996e-04
9.900000000000000000e+02 3.600288182497024536e-04
9.910000000000000000e+02 3.600129857659339905e-04
9.920000000000000000e+02 3.599947376642376184e-04
9.930000000000000000e+02 3.599742485675960779e-04
9.940000000000000000e+02 3.599556221161037683e-04
9.950000000000000000e+02 3.599388292059302330e-04
9.960000000000000000e+02 3.599186020437628031e-04
9.970000000000000000e+02 3.599014016799628735e-04
9.980000000000000000e+02 3.598818730097264051e-04
9.990000000000000000e+02 3.598642069846391678e-04
